[[array([0.00353429, 0.00211225, 0.00456466, 0.00376293, 0.00384299,
       0.00236077, 0.00236077, 0.00149277, 0.00153629, 0.00811507,
       0.00128749, 0.00651543, 0.00399569, 0.00147148, 0.00211225,
       0.00369403, 0.00577326, 0.00266459, 0.00241414, 0.00456466,
       0.00919883, 0.00448796, 0.0024566 , 0.00284438, 0.02580289,
       0.00200947, 0.00131259, 0.00139358, 0.00258979, 0.01619077,
       0.00668237, 0.00369403, 0.00153629, 0.0072961 , 0.00153629,
       0.00153629, 0.00449877, 0.0044328 , 0.00252434, 0.00147148,
       0.00147148, 0.00429318, 0.0123683 , 0.0061847 , 0.00625273,
       0.00146062, 0.00195701, 0.0061847 , 0.0024566 , 0.00581001,
       0.02185779, 0.00342516, 0.00195701, 0.00195701, 0.0018901 ,
       0.0016772 , 0.00164282, 0.00342516, 0.01668658, 0.00246945,
       0.00827532, 0.00384299, 0.01316917, 0.0016772 , 0.00362727,
       0.00479204, 0.00141192, 0.00169286, 0.00267282, 0.00195701,
       0.00268449, 0.01806282, 0.00625273, 0.00924277, 0.00268449,
       0.00284438, 0.0044328 , 0.00647626, 0.00362727, 0.0046065 ,
       0.00449877, 0.0018901 , 0.00139733, 0.0018901 , 0.00180388,
       0.00827532, 0.00647626, 0.00864077, 0.00331627, 0.00141192,
       0.0046065 , 0.00376293, 0.0061847 , 0.00141192, 0.00156278,
       0.0015584 , 0.00141192, 0.00141588, 0.00136304, 0.00827532,
       0.00143707, 0.00704268, 0.00128308, 0.00141588, 0.00200947,
       0.00625273, 0.00864077, 0.00156278, 0.00326056, 0.00861351,
       0.00465324, 0.00154655, 0.01187268, 0.00936968, 0.00458057,
       0.00139733, 0.00617734, 0.00630732, 0.00891582, 0.0015584 ,
       0.00581001, 0.00145224, 0.0050829 , 0.00272336, 0.00199337,
       0.00156278, 0.00465324, 0.00535362, 0.0050829 , 0.0013092 ,
       0.0016825 , 0.00550369, 0.00276431, 0.00614942, 0.00145224,
       0.00431273, 0.00156278, 0.0013092 , 0.0016825 , 0.01096537,
       0.00259675, 0.00526072, 0.00182882, 0.00668605, 0.00276431,
       0.00276385, 0.01274507, 0.01146717, 0.00385937, 0.00526072,
       0.00131259, 0.00714033, 0.00250122, 0.00251152, 0.00208776,
       0.00714033, 0.00373871, 0.00145224, 0.00276431, 0.00221282,
       0.00743728, 0.0016825 , 0.00617734, 0.02467672, 0.0016825 ,
       0.01274507, 0.0024802 , 0.00221282, 0.0016825 , 0.00250122,
       0.00526072, 0.00357441, 0.00163802, 0.00617734, 0.00455749,
       0.00214213, 0.00199337, 0.01274507, 0.0013092 , 0.00583269,
       0.00306637, 0.00469936, 0.00526072, 0.01679384, 0.00662886,
       0.00272336, 0.0016825 , 0.00136715, 0.00455749, 0.03654003,
       0.00714033, 0.00888519, 0.00864338, 0.03654003, 0.00283837,
       0.00888519, 0.00583269, 0.0035839 , 0.01311414, 0.00202168]), np.float64(0.9999999999999999)], [array([0.00274997, 0.00144437, 0.00362822, 0.00357024, 0.00251062,
       0.00244529, 0.00244529, 0.00272128, 0.006444  , 0.00753084,
       0.0014053 , 0.00407369, 0.0023901 , 0.00298715, 0.00144437,
       0.01377012, 0.00330069, 0.00378075, 0.00454197, 0.00362822,
       0.07391915, 0.00203575, 0.00416217, 0.00305873, 0.01482946,
       0.00090941, 0.00206261, 0.00279024, 0.0022555 , 0.00678931,
       0.00320905, 0.01377012, 0.006444  , 0.00490482, 0.006444  ,
       0.006444  , 0.00243131, 0.00322574, 0.00324987, 0.00298714,
       0.00298715, 0.01302689, 0.00818156, 0.00303198, 0.0047556 ,
       0.00219345, 0.0026372 , 0.00303198, 0.00416217, 0.01967777,
       0.01648812, 0.00625504, 0.0026372 , 0.0026372 , 0.00518515,
       0.0046366 , 0.00203939, 0.00625504, 0.00711303, 0.00260194,
       0.00507882, 0.00251062, 0.01074216, 0.0046366 , 0.0017211 ,
       0.00222979, 0.00164786, 0.00197654, 0.00251171, 0.0026372 ,
       0.00587316, 0.01365349, 0.0047556 , 0.00484001, 0.00587316,
       0.00305873, 0.00322574, 0.003056  , 0.0017211 , 0.00243806,
       0.00243131, 0.00518515, 0.00199733, 0.00518515, 0.00344024,
       0.00507882, 0.003056  , 0.00404628, 0.00158452, 0.00164786,
       0.00243806, 0.00357024, 0.00303198, 0.00164786, 0.00176131,
       0.00133885, 0.00164786, 0.00210141, 0.00169751, 0.00507882,
       0.00230528, 0.00771697, 0.00171869, 0.00210141, 0.00090941,
       0.0047556 , 0.00404628, 0.00176131, 0.00159774, 0.00463601,
       0.00254785, 0.00262839, 0.00519855, 0.00388671, 0.01472657,
       0.00199733, 0.00307701, 0.00403392, 0.00729345, 0.00133885,
       0.01967777, 0.0033093 , 0.00260385, 0.00368413, 0.00875805,
       0.00176131, 0.00254785, 0.00255529, 0.00260385, 0.00113369,
       0.0020542 , 0.00280006, 0.01423029, 0.00310183, 0.0033093 ,
       0.0020122 , 0.00176131, 0.00113369, 0.0020542 , 0.00639726,
       0.00271083, 0.00316181, 0.01298831, 0.00306767, 0.01423029,
       0.00283268, 0.00614518, 0.00536247, 0.00192661, 0.00316181,
       0.00206261, 0.00546175, 0.00597373, 0.00197265, 0.0021138 ,
       0.00546175, 0.00193154, 0.0033093 , 0.01423029, 0.00242456,
       0.01265126, 0.0020542 , 0.00307701, 0.03026781, 0.0020542 ,
       0.00614518, 0.00207178, 0.00242456, 0.0020542 , 0.00597373,
       0.00316181, 0.003067  , 0.00249185, 0.00307701, 0.00225605,
       0.00184846, 0.00875805, 0.00614518, 0.00113369, 0.00445797,
       0.00357345, 0.00227614, 0.00316181, 0.00851486, 0.00285803,
       0.00368413, 0.0020542 , 0.00119368, 0.00225605, 0.02530528,
       0.00546175, 0.00407196, 0.00429045, 0.02530528, 0.00182779,
       0.00407196, 0.00445797, 0.001956  , 0.00823127, 0.00955717]), np.float64(0.9999999999999996)], [array([0.00131996, 0.00086002, 0.00236983, 0.00273266, 0.00156429,
       0.00191645, 0.00191645, 0.00175287, 0.02455494, 0.00730506,
       0.00106416, 0.00252485, 0.00141901, 0.00287713, 0.00086002,
       0.01752878, 0.00256459, 0.002116  , 0.00293314, 0.00236983,
       0.13870089, 0.00126088, 0.00298655, 0.00162452, 0.01139531,
       0.00048711, 0.00271433, 0.0028527 , 0.00128222, 0.00642011,
       0.00290612, 0.01752878, 0.02455493, 0.00351199, 0.02455494,
       0.02455494, 0.00151275, 0.00244112, 0.00237143, 0.00287713,
       0.00287713, 0.01260989, 0.0055597 , 0.00192849, 0.00300089,
       0.00154843, 0.00145918, 0.00192849, 0.00298655, 0.03531965,
       0.01153176, 0.00348491, 0.00145918, 0.00145918, 0.00278313,
       0.00682836, 0.00119251, 0.00348491, 0.00428534, 0.00153859,
       0.00308039, 0.00156429, 0.00915831, 0.00682836, 0.00099969,
       0.00119467, 0.00118329, 0.00130465, 0.00131421, 0.00145918,
       0.00562156, 0.00847589, 0.00300089, 0.00470359, 0.00562156,
       0.00162452, 0.00244112, 0.00194103, 0.00099969, 0.00173843,
       0.00151275, 0.00278313, 0.00132943, 0.00278313, 0.00255581,
       0.00308039, 0.00194103, 0.00234974, 0.00102085, 0.00118329,
       0.00173843, 0.00273266, 0.00192849, 0.00118329, 0.00103589,
       0.00082671, 0.00118329, 0.00187253, 0.00149008, 0.00308039,
       0.0015106 , 0.00242097, 0.00168741, 0.00187253, 0.00048711,
       0.00300089, 0.00234974, 0.00103589, 0.00103254, 0.00276267,
       0.00127087, 0.00247285, 0.00286941, 0.00283318, 0.02688552,
       0.00132943, 0.00173812, 0.00306588, 0.00489572, 0.00082671,
       0.03531965, 0.00402576, 0.00166665, 0.00348547, 0.00772949,
       0.00103589, 0.00127087, 0.00152211, 0.00166665, 0.0007105 ,
       0.00142859, 0.00169748, 0.01189833, 0.00186248, 0.00402576,
       0.00127543, 0.00103589, 0.0007105 , 0.00142859, 0.0035614 ,
       0.0017462 , 0.00212335, 0.02889058, 0.00169453, 0.01189833,
       0.00169599, 0.00583886, 0.00291359, 0.00129831, 0.00212335,
       0.00271433, 0.00252661, 0.01472221, 0.0011494 , 0.00141545,
       0.00252661, 0.00116466, 0.00402576, 0.01189833, 0.00186949,
       0.01763582, 0.00142859, 0.00173812, 0.01396654, 0.00142859,
       0.00583886, 0.00125367, 0.00186949, 0.00142859, 0.01472221,
       0.00212335, 0.0019098 , 0.00148828, 0.00173812, 0.00125091,
       0.00134211, 0.00772949, 0.00583886, 0.0007105 , 0.00255679,
       0.00174314, 0.00139566, 0.00212335, 0.00668974, 0.00165059,
       0.00348547, 0.00142859, 0.00077903, 0.00125091, 0.01635337,
       0.00252661, 0.00211283, 0.00238627, 0.01635337, 0.00123776,
       0.00211283, 0.00255679, 0.00117181, 0.00736595, 0.01111408]), np.float64(1.0000000000000007)], [array([0.00137678, 0.00069721, 0.00204274, 0.00209747, 0.00133517,
       0.00152525, 0.00152525, 0.00141071, 0.02472701, 0.00606105,
       0.00086743, 0.00205575, 0.00113821, 0.00254184, 0.00069721,
       0.01579598, 0.0019361 , 0.00170303, 0.00225974, 0.00204274,
       0.15313871, 0.00099999, 0.00240981, 0.00121657, 0.00918773,
       0.0003919 , 0.0027427 , 0.00240869, 0.00101621, 0.00552116,
       0.00234942, 0.01579598, 0.024727  , 0.00311937, 0.024727  ,
       0.02472701, 0.00120369, 0.00166885, 0.00192645, 0.00254184,
       0.00254184, 0.01154086, 0.00462113, 0.00163876, 0.00257607,
       0.00125431, 0.00117092, 0.00163876, 0.00240981, 0.08041775,
       0.0097541 , 0.002835  , 0.00117092, 0.00117092, 0.00226182,
       0.00520126, 0.00097738, 0.002835  , 0.0044803 , 0.00136031,
       0.00253723, 0.00133517, 0.00717471, 0.00520126, 0.0008231 ,
       0.00095984, 0.00090785, 0.00104211, 0.00108129, 0.00117092,
       0.00430583, 0.00723612, 0.00257606, 0.00373878, 0.00430583,
       0.00121657, 0.00166885, 0.00155691, 0.0008231 , 0.00153478,
       0.00120369, 0.00226182, 0.00106409, 0.00226182, 0.00211431,
       0.00253723, 0.00155691, 0.00175249, 0.00082802, 0.00090785,
       0.00153478, 0.00209747, 0.00163876, 0.00090785, 0.00084391,
       0.00069359, 0.00090785, 0.00156669, 0.00165367, 0.00253723,
       0.00125031, 0.00191788, 0.00133786, 0.00156669, 0.0003919 ,
       0.00257606, 0.00175249, 0.00084391, 0.00083492, 0.00231489,
       0.00102215, 0.00220808, 0.00221276, 0.00239365, 0.02359502,
       0.00106409, 0.00145882, 0.00265189, 0.00349327, 0.00069359,
       0.08041775, 0.00329401, 0.0014454 , 0.00280129, 0.00741146,
       0.00084391, 0.00102215, 0.00129235, 0.0014454 , 0.00056806,
       0.00116796, 0.00136243, 0.01026145, 0.00143915, 0.00329401,
       0.00101803, 0.00084391, 0.00056806, 0.00116796, 0.00264454,
       0.00132659, 0.00169971, 0.02343913, 0.00127099, 0.01026145,
       0.00156487, 0.00500336, 0.00232375, 0.0010875 , 0.00169971,
       0.0027427 , 0.00226392, 0.01411558, 0.00088288, 0.0010849 ,
       0.00226392, 0.0009658 , 0.00329401, 0.01026145, 0.00153385,
       0.01705503, 0.00116796, 0.00145882, 0.01068342, 0.00116796,
       0.00500336, 0.00105796, 0.00153385, 0.00116796, 0.01411558,
       0.00169971, 0.00151155, 0.00119689, 0.00145882, 0.00100318,
       0.00099629, 0.00741146, 0.00500336, 0.00056806, 0.00210795,
       0.00148025, 0.00111879, 0.00169971, 0.00613445, 0.0013885 ,
       0.00280129, 0.00116796, 0.00064523, 0.00100318, 0.01309081,
       0.00226392, 0.00163766, 0.00195072, 0.01309081, 0.00103588,
       0.00163766, 0.00210795, 0.00099122, 0.00573657, 0.01309239]), np.float64(1.0)], [array([0.00147751, 0.00062368, 0.00192975, 0.00203876, 0.00126269,
       0.00135886, 0.00135886, 0.00125208, 0.03022354, 0.00557912,
       0.00078886, 0.00214428, 0.00100231, 0.0022816 , 0.00062368,
       0.01566275, 0.0018737 , 0.00152919, 0.00199904, 0.00192975,
       0.12670694, 0.00091991, 0.00218662, 0.00108983, 0.0085226 ,
       0.00034685, 0.00268179, 0.00239136, 0.00093112, 0.00502124,
       0.00179593, 0.01566275, 0.03022354, 0.00393637, 0.03022354,
       0.03022354, 0.00110988, 0.00167642, 0.00172962, 0.0022816 ,
       0.0022816 , 0.01118865, 0.00417058, 0.00148228, 0.00251141,
       0.0011715 , 0.00106584, 0.00148228, 0.00218662, 0.09424673,
       0.00865636, 0.00248252, 0.00106584, 0.00106584, 0.00207429,
       0.00524536, 0.0008693 , 0.00248252, 0.00361069, 0.00124994,
       0.00222848, 0.00126269, 0.00645433, 0.00524536, 0.00074883,
       0.00085701, 0.00084363, 0.00093449, 0.00099818, 0.00106584,
       0.00385554, 0.00777178, 0.00251141, 0.00282534, 0.00385554,
       0.00108983, 0.00167642, 0.00173673, 0.00074883, 0.00156011,
       0.00110988, 0.00207429, 0.00095579, 0.00207429, 0.00189765,
       0.00222848, 0.00173673, 0.00153423, 0.00080134, 0.00084363,
       0.00156011, 0.00203876, 0.00148228, 0.00084363, 0.00076434,
       0.00061666, 0.00084363, 0.00153088, 0.00205131, 0.00222848,
       0.00118503, 0.00411646, 0.00111096, 0.00153088, 0.00034685,
       0.00251141, 0.00153423, 0.00076434, 0.00082839, 0.00191311,
       0.00099002, 0.00205696, 0.00195502, 0.00218743, 0.02264201,
       0.00095579, 0.00130183, 0.00251237, 0.00343795, 0.00061666,
       0.09424673, 0.00290909, 0.00134771, 0.00252081, 0.01084701,
       0.00076434, 0.00099002, 0.0009885 , 0.00134771, 0.00051342,
       0.00111594, 0.00124382, 0.00934289, 0.0012995 , 0.00290909,
       0.00094657, 0.00076434, 0.00051342, 0.00111594, 0.00237753,
       0.00125826, 0.00155488, 0.0207414 , 0.00116585, 0.00934289,
       0.00193735, 0.00657695, 0.00217459, 0.00096867, 0.00155488,
       0.00268179, 0.00206003, 0.01246044, 0.00077722, 0.00132121,
       0.00206003, 0.00096709, 0.00290909, 0.00934289, 0.00147166,
       0.01778488, 0.00111594, 0.00130183, 0.00900409, 0.00111594,
       0.00657695, 0.00105847, 0.00147166, 0.00111594, 0.01246044,
       0.00155488, 0.00137535, 0.00107234, 0.00130183, 0.0009033 ,
       0.00092786, 0.01084701, 0.00657695, 0.00051342, 0.00201941,
       0.0013625 , 0.00104423, 0.00155487, 0.00587376, 0.00130873,
       0.00252081, 0.00111594, 0.00058117, 0.0009033 , 0.01190399,
       0.00206003, 0.00139398, 0.0018151 , 0.01190399, 0.00096668,
       0.00139398, 0.00201941, 0.00093305, 0.00525799, 0.01338044]), np.float64(1.0)], [array([0.00209115, 0.00066702, 0.00207105, 0.00212205, 0.00127162,
       0.00133242, 0.00133242, 0.00129712, 0.02429744, 0.00646252,
       0.00077499, 0.0021178 , 0.00096934, 0.00229723, 0.00066702,
       0.01688681, 0.00187145, 0.00154615, 0.00198457, 0.00207105,
       0.1282977 , 0.00096   , 0.0022301 , 0.00112909, 0.00865374,
       0.0003537 , 0.00362704, 0.00235693, 0.00095113, 0.00544228,
       0.00158257, 0.01688681, 0.02429744, 0.00517311, 0.02429744,
       0.02429744, 0.00114035, 0.00184931, 0.00173252, 0.00229723,
       0.00229723, 0.01228699, 0.00399655, 0.00156428, 0.00269671,
       0.00119652, 0.00112228, 0.00156428, 0.0022301 , 0.09427656,
       0.0090864 , 0.00245293, 0.00112228, 0.00112228, 0.00234914,
       0.00517543, 0.00087201, 0.00245293, 0.00272944, 0.00113913,
       0.0022592 , 0.00127162, 0.00640809, 0.00517543, 0.00078876,
       0.00085774, 0.00090427, 0.00095023, 0.00104606, 0.00112228,
       0.00385015, 0.00742661, 0.00269671, 0.00257925, 0.00385015,
       0.00112909, 0.00184931, 0.00195193, 0.00078876, 0.00181293,
       0.00114035, 0.00234914, 0.00097813, 0.00234914, 0.00195073,
       0.0022592 , 0.00195193, 0.00152276, 0.00080776, 0.00090427,
       0.00181293, 0.00212205, 0.00156428, 0.00090427, 0.00078235,
       0.00062708, 0.00090427, 0.00161392, 0.00228282, 0.0022592 ,
       0.00124043, 0.00505539, 0.00118182, 0.00161392, 0.0003537 ,
       0.00269671, 0.00152276, 0.00078235, 0.00086538, 0.00191701,
       0.00111677, 0.00224916, 0.00215843, 0.00224074, 0.02147921,
       0.00097813, 0.00130108, 0.00244493, 0.00344844, 0.00062708,
       0.09427656, 0.0030359 , 0.00140107, 0.00242318, 0.01504673,
       0.00078235, 0.00111677, 0.00101706, 0.00140107, 0.00052356,
       0.00119162, 0.00125237, 0.0095141 , 0.00128892, 0.0030359 ,
       0.00096907, 0.00078235, 0.00052356, 0.00119162, 0.00240245,
       0.00138106, 0.00169392, 0.01807751, 0.00113022, 0.0095141 ,
       0.00199239, 0.00676384, 0.0021789 , 0.00097361, 0.00169392,
       0.00362704, 0.00222468, 0.01131896, 0.00079841, 0.00131874,
       0.00222468, 0.00103009, 0.0030359 , 0.0095141 , 0.00153412,
       0.01753985, 0.00119162, 0.00130108, 0.00933392, 0.00119162,
       0.00676384, 0.00110344, 0.00153412, 0.00119162, 0.01131896,
       0.00169392, 0.00143613, 0.00109142, 0.00130108, 0.00092271,
       0.00093311, 0.01504673, 0.00676384, 0.00052356, 0.00218401,
       0.00142256, 0.00113393, 0.00169392, 0.00533833, 0.00136932,
       0.00242318, 0.00119162, 0.00058881, 0.00092271, 0.01218246,
       0.00222468, 0.00140146, 0.00189737, 0.01218246, 0.00103247,
       0.00140146, 0.00218401, 0.00093658, 0.00575401, 0.01465046]), np.float64(0.9999999999999999)], [array([0.00307007, 0.00073739, 0.0021716 , 0.00213601, 0.00130637,
       0.00128029, 0.00128029, 0.00122713, 0.02724491, 0.0056049 ,
       0.00076255, 0.00225584, 0.00096386, 0.00219139, 0.00073739,
       0.0190532 , 0.00178676, 0.00144762, 0.00184802, 0.0021716 ,
       0.12439828, 0.00097207, 0.00215451, 0.00111544, 0.00824493,
       0.00033538, 0.00422212, 0.00237768, 0.00085546, 0.00529341,
       0.00211619, 0.0190532 , 0.02724491, 0.00559275, 0.02724491,
       0.02724491, 0.0010961 , 0.00179307, 0.00164684, 0.0021914 ,
       0.0021914 , 0.01327856, 0.00399562, 0.00154694, 0.00257487,
       0.00115469, 0.00124573, 0.00154694, 0.00215451, 0.09536977,
       0.00894857, 0.0023564 , 0.00124573, 0.00124573, 0.00256625,
       0.0050084 , 0.00089773, 0.0023564 , 0.00269381, 0.00085157,
       0.00218491, 0.00130637, 0.00665563, 0.0050084 , 0.0008102 ,
       0.00085811, 0.00090974, 0.00091903, 0.00098832, 0.00124573,
       0.00368938, 0.00668606, 0.00257487, 0.00310449, 0.00368938,
       0.00111544, 0.00179307, 0.00194997, 0.0008102 , 0.00194738,
       0.0010961 , 0.00256625, 0.0009412 , 0.00256625, 0.0018963 ,
       0.00218491, 0.00194997, 0.00142787, 0.00085482, 0.00090974,
       0.00194738, 0.00213601, 0.00154694, 0.00090974, 0.00076509,
       0.00061373, 0.00090974, 0.00163319, 0.00225886, 0.00218491,
       0.00116824, 0.00535908, 0.00119811, 0.00163319, 0.00033538,
       0.00257487, 0.00142787, 0.00076509, 0.00085809, 0.00186808,
       0.00125935, 0.00227   , 0.00229326, 0.00201616, 0.01986181,
       0.0009412 , 0.00123076, 0.00232784, 0.00344526, 0.00061373,
       0.09536977, 0.00364026, 0.0014216 , 0.00241193, 0.00666019,
       0.00076509, 0.00125935, 0.00108041, 0.0014216 , 0.00050098,
       0.00122851, 0.00117269, 0.0088529 , 0.00142474, 0.00364026,
       0.00089478, 0.00076509, 0.00050098, 0.00122851, 0.00221289,
       0.00143068, 0.00173531, 0.014158  , 0.00098439, 0.0088529 ,
       0.00198617, 0.00738415, 0.00202941, 0.00092696, 0.00173531,
       0.00422212, 0.00386687, 0.01112369, 0.00077756, 0.00097243,
       0.00386687, 0.00102425, 0.00364026, 0.0088529 , 0.00149467,
       0.017707  , 0.00122851, 0.00123076, 0.00905985, 0.00122851,
       0.00738415, 0.00109408, 0.00149467, 0.00122851, 0.01112369,
       0.00173531, 0.00143385, 0.00105217, 0.00123076, 0.00090777,
       0.0009115 , 0.00666019, 0.00738415, 0.00050098, 0.00220036,
       0.00136432, 0.00111674, 0.00173531, 0.00570037, 0.00135366,
       0.00241193, 0.00122851, 0.0005635 , 0.00090777, 0.01139829,
       0.00386687, 0.0013615 , 0.00180515, 0.01139829, 0.00099641,
       0.0013615 , 0.00220036, 0.00089932, 0.00654964, 0.0167731 ]), np.float64(1.0000000000000013)], [array([0.0029947 , 0.00078369, 0.002307  , 0.00217256, 0.00121317,
       0.0012474 , 0.0012474 , 0.00119109, 0.02152714, 0.00540129,
       0.00075958, 0.00223464, 0.00099785, 0.00211206, 0.00078369,
       0.01874283, 0.00169718, 0.00136601, 0.00177001, 0.002307  ,
       0.12419112, 0.00100927, 0.00218809, 0.00107915, 0.00810336,
       0.00032292, 0.00431288, 0.00207352, 0.0008809 , 0.00552103,
       0.00234937, 0.01874283, 0.02152715, 0.0055553 , 0.02152714,
       0.02152715, 0.00106569, 0.00174648, 0.00162723, 0.00211206,
       0.00211206, 0.01549192, 0.00382885, 0.00150929, 0.00257232,
       0.00107519, 0.00124437, 0.00150929, 0.00218809, 0.1038534 ,
       0.009684  , 0.00238478, 0.00124437, 0.00124437, 0.00290207,
       0.0061111 , 0.00103732, 0.00238478, 0.00250695, 0.00078174,
       0.00217404, 0.00121317, 0.00651094, 0.0061111 , 0.00080333,
       0.00089118, 0.00094395, 0.00090456, 0.00097068, 0.00124437,
       0.00371259, 0.00917423, 0.00257232, 0.002823  , 0.00371259,
       0.00107915, 0.00174648, 0.00214444, 0.00080333, 0.00186469,
       0.00106569, 0.00290207, 0.00094211, 0.00290207, 0.0018175 ,
       0.00217404, 0.00214444, 0.00133503, 0.00089189, 0.00094395,
       0.00186469, 0.00217256, 0.00150929, 0.00094395, 0.00074366,
       0.00062545, 0.00094395, 0.00151415, 0.00254208, 0.00217404,
       0.0011104 , 0.00581638, 0.00120324, 0.00151415, 0.00032292,
       0.00257232, 0.00133503, 0.00074366, 0.00083485, 0.00203512,
       0.00102146, 0.00218773, 0.00234965, 0.00205726, 0.01821899,
       0.00094211, 0.00123608, 0.00230629, 0.00349902, 0.00062545,
       0.1038534 , 0.00373161, 0.00150593, 0.00229403, 0.00917891,
       0.00074366, 0.00102146, 0.00114487, 0.00150593, 0.0004863 ,
       0.0012505 , 0.00118196, 0.00942361, 0.00154935, 0.00373161,
       0.00086434, 0.00074366, 0.0004863 , 0.0012505 , 0.00215204,
       0.00164615, 0.00173896, 0.01371368, 0.00099501, 0.00942361,
       0.00197933, 0.00763944, 0.00205165, 0.0010076 , 0.00173896,
       0.00431288, 0.00354996, 0.00778243, 0.000787  , 0.00075448,
       0.00354996, 0.00102129, 0.00373161, 0.00942361, 0.00144941,
       0.01869358, 0.0012505 , 0.00123608, 0.00977146, 0.0012505 ,
       0.00763944, 0.00114739, 0.00144941, 0.0012505 , 0.00778243,
       0.00173896, 0.00136914, 0.00101664, 0.00123608, 0.00088255,
       0.00089099, 0.00917891, 0.00763944, 0.0004863 , 0.00232161,
       0.00133057, 0.00108612, 0.00173896, 0.00591663, 0.00133818,
       0.00229403, 0.0012505 , 0.0005486 , 0.00088255, 0.01036243,
       0.00354996, 0.00134458, 0.00178016, 0.01036243, 0.000976  ,
       0.00134458, 0.00232161, 0.00087193, 0.00631396, 0.01828733]), np.float64(0.999999999999999)], [array([0.00343222, 0.00089911, 0.00224053, 0.00207558, 0.00122173,
       0.00116257, 0.00116257, 0.00126824, 0.01068915, 0.00570762,
       0.00076132, 0.00208456, 0.00094911, 0.00195472, 0.00089911,
       0.02490654, 0.00150891, 0.00129159, 0.00164928, 0.00224053,
       0.12311777, 0.00103277, 0.00312296, 0.00100795, 0.00774137,
       0.00030081, 0.00394087, 0.00195546, 0.00089105, 0.00533864,
       0.00248264, 0.02490654, 0.01068915, 0.00565123, 0.01068915,
       0.01068915, 0.00101098, 0.00123094, 0.00162002, 0.00195472,
       0.00195472, 0.01316528, 0.00355631, 0.00141033, 0.00253794,
       0.00100567, 0.00120386, 0.00141033, 0.00312296, 0.1172453 ,
       0.00841966, 0.0023751 , 0.00120386, 0.00120386, 0.00316725,
       0.0063154 , 0.00114189, 0.0023751 , 0.00257565, 0.00073957,
       0.00212611, 0.00122173, 0.00640607, 0.0063154 , 0.00075418,
       0.00087399, 0.00093072, 0.00086435, 0.00094857, 0.00120386,
       0.00375555, 0.00949699, 0.00253794, 0.00237766, 0.00375555,
       0.00100795, 0.00123094, 0.00194351, 0.00075418, 0.00178348,
       0.00101098, 0.00316725, 0.00091814, 0.00316725, 0.00170119,
       0.0021261 , 0.00194351, 0.00120686, 0.00091797, 0.00093072,
       0.00178348, 0.00207559, 0.00141033, 0.00093072, 0.00071973,
       0.00064114, 0.00093072, 0.001403  , 0.00209281, 0.00212611,
       0.00104368, 0.00603901, 0.00118121, 0.001403  , 0.00030081,
       0.00253794, 0.00120686, 0.00071973, 0.00093781, 0.00205082,
       0.00118572, 0.00203182, 0.00230495, 0.00194421, 0.01655435,
       0.00091814, 0.00119533, 0.00222712, 0.00328213, 0.00064114,
       0.1172453 , 0.00365903, 0.00161367, 0.00189233, 0.00953648,
       0.00071973, 0.00118572, 0.00111106, 0.00161367, 0.00046657,
       0.00120393, 0.00107364, 0.00990736, 0.00178061, 0.00365903,
       0.00087979, 0.00071973, 0.00046657, 0.00120393, 0.00210924,
       0.00163077, 0.00167501, 0.01571809, 0.00091974, 0.00990736,
       0.00175619, 0.0076941 , 0.00200281, 0.00131971, 0.00167501,
       0.00394087, 0.00442308, 0.01106598, 0.00078642, 0.00075064,
       0.00442308, 0.00097351, 0.00365903, 0.00990736, 0.00136935,
       0.02000082, 0.00120393, 0.00119533, 0.00951015, 0.00120393,
       0.0076941 , 0.00127037, 0.00136935, 0.00120393, 0.01106598,
       0.00167501, 0.00129587, 0.00094441, 0.00119533, 0.00083958,
       0.00079764, 0.00953648, 0.0076941 , 0.00046657, 0.00225867,
       0.0012461 , 0.00103404, 0.00167501, 0.0056277 , 0.00143459,
       0.00189233, 0.00120393, 0.00052657, 0.00083958, 0.01097443,
       0.00442308, 0.00124708, 0.00178764, 0.01097443, 0.00091268,
       0.00124708, 0.00225867, 0.00084452, 0.00748925, 0.01748696]), np.float64(1.0000000000000004)], [array([0.00409855, 0.00132064, 0.00229069, 0.00201403, 0.00113605,
       0.00104542, 0.00104542, 0.00117197, 0.00987204, 0.00505327,
       0.00072899, 0.00210081, 0.00088448, 0.00184357, 0.00132064,
       0.02532483, 0.00138945, 0.00127627, 0.00152439, 0.00229069,
       0.12684982, 0.00107707, 0.00327151, 0.00094324, 0.00727617,
       0.00027587, 0.00323119, 0.00179599, 0.00096908, 0.00599967,
       0.00227687, 0.02532483, 0.00987204, 0.00453811, 0.00987204,
       0.00987204, 0.00095717, 0.00112852, 0.00152643, 0.00184357,
       0.00184357, 0.01278546, 0.00330822, 0.00129835, 0.00255126,
       0.00093503, 0.00113603, 0.00129835, 0.00327151, 0.12913678,
       0.00773557, 0.0023205 , 0.00113603, 0.00113603, 0.00375659,
       0.00697035, 0.00132073, 0.0023205 , 0.00235725, 0.0007205 ,
       0.00201652, 0.00113605, 0.00608648, 0.00697035, 0.00079544,
       0.00084631, 0.00091187, 0.00079689, 0.00089853, 0.00113603,
       0.00333326, 0.00867227, 0.00255126, 0.00263228, 0.00333326,
       0.00094324, 0.00112852, 0.00214948, 0.00079544, 0.00187821,
       0.00095717, 0.00375659, 0.00091691, 0.00375659, 0.00153409,
       0.00201652, 0.00214948, 0.0011177 , 0.0008376 , 0.00091187,
       0.00187821, 0.00201403, 0.00129835, 0.00091187, 0.00067631,
       0.00069521, 0.00091187, 0.001251  , 0.00247064, 0.00201652,
       0.00096943, 0.00614238, 0.0011197 , 0.001251  , 0.00027587,
       0.00255126, 0.0011177 , 0.00067631, 0.00092006, 0.00191208,
       0.00116643, 0.00191757, 0.00210044, 0.00180711, 0.01525453,
       0.00091691, 0.00115315, 0.00206409, 0.00346595, 0.00069521,
       0.12913678, 0.00462023, 0.00150705, 0.00158153, 0.00636832,
       0.00067631, 0.00116643, 0.00103652, 0.00150705, 0.00042529,
       0.0011328 , 0.00099753, 0.01038387, 0.00168802, 0.00462023,
       0.00093191, 0.00067631, 0.00042529, 0.0011328 , 0.00204972,
       0.00180675, 0.00164048, 0.0144208 , 0.0008503 , 0.01038387,
       0.00165865, 0.00775771, 0.00184826, 0.00122106, 0.00164048,
       0.00323119, 0.00443916, 0.00684491, 0.0008283 , 0.00071769,
       0.00443916, 0.00088518, 0.00462023, 0.01038387, 0.00136108,
       0.02021197, 0.0011328 , 0.00115315, 0.00933607, 0.0011328 ,
       0.00775771, 0.00123675, 0.00136108, 0.0011328 , 0.00684491,
       0.00164048, 0.0013191 , 0.00090264, 0.00115315, 0.00076016,
       0.00072363, 0.00636832, 0.00775771, 0.00042529, 0.00208061,
       0.0011717 , 0.0009994 , 0.00164048, 0.0054859 , 0.00165948,
       0.00158153, 0.0011328 , 0.00050826, 0.00076016, 0.01014955,
       0.00443916, 0.00113624, 0.00163367, 0.01014955, 0.00085064,
       0.00113624, 0.00208061, 0.00081866, 0.00693212, 0.01572015]), np.float64(1.0000000000000004)], [array([0.00393353, 0.00160829, 0.00224796, 0.00190126, 0.0011307 ,
       0.00097563, 0.00097563, 0.00109726, 0.00847742, 0.00495274,
       0.00065546, 0.00198642, 0.00082409, 0.00177168, 0.00160829,
       0.02057303, 0.00124481, 0.00118083, 0.00154222, 0.00224796,
       0.14018667, 0.0010652 , 0.0032267 , 0.00091718, 0.00637038,
       0.00025912, 0.00432171, 0.00175238, 0.00093578, 0.00571917,
       0.00207112, 0.02057303, 0.00847742, 0.00401007, 0.00847742,
       0.00847742, 0.00089271, 0.00110307, 0.00141053, 0.00177168,
       0.00177168, 0.01249587, 0.00303299, 0.00119469, 0.00234027,
       0.00093402, 0.00107565, 0.00119469, 0.0032267 , 0.13625356,
       0.00735932, 0.00238791, 0.00107565, 0.00107565, 0.00363364,
       0.00784386, 0.00187991, 0.00238791, 0.00242545, 0.00073883,
       0.00190128, 0.0011307 , 0.00602887, 0.00784386, 0.00076265,
       0.00077255, 0.00086098, 0.00074502, 0.00085012, 0.00107565,
       0.00298698, 0.00867923, 0.00234026, 0.00158684, 0.00298698,
       0.00091718, 0.00110307, 0.00225005, 0.00076265, 0.00190632,
       0.00089271, 0.00363364, 0.00092934, 0.00363364, 0.00144009,
       0.00190128, 0.00225005, 0.00108306, 0.0007158 , 0.00086098,
       0.00190632, 0.00190126, 0.00119469, 0.00086098, 0.00065694,
       0.00068965, 0.00086098, 0.00115131, 0.00481637, 0.00190128,
       0.00088139, 0.00634212, 0.00103668, 0.00115131, 0.00025912,
       0.00234026, 0.00108306, 0.00065694, 0.00084462, 0.00177039,
       0.00117948, 0.00178866, 0.0019309 , 0.00233958, 0.01607293,
       0.00092934, 0.00108547, 0.00194672, 0.00343399, 0.00068965,
       0.13625356, 0.00474471, 0.00169438, 0.00145228, 0.00564283,
       0.00065694, 0.00117948, 0.00099237, 0.00169438, 0.0004002 ,
       0.00110859, 0.00101805, 0.01220948, 0.00198951, 0.00474471,
       0.00093638, 0.00065694, 0.0004002 , 0.00110859, 0.00179864,
       0.0017689 , 0.00157528, 0.0130088 , 0.00083321, 0.01220948,
       0.00163662, 0.00770117, 0.00185752, 0.00109729, 0.00157528,
       0.00432171, 0.0031999 , 0.00275534, 0.0007708 , 0.00073798,
       0.0031999 , 0.00080936, 0.00474471, 0.01220947, 0.00194436,
       0.02089047, 0.00110859, 0.00108547, 0.00870916, 0.00110859,
       0.00770117, 0.0011931 , 0.00194436, 0.00110859, 0.00275534,
       0.00157528, 0.00135019, 0.00085686, 0.00108547, 0.00070039,
       0.00071154, 0.00564283, 0.00770117, 0.0004002 , 0.0019157 ,
       0.00107686, 0.00092434, 0.00157528, 0.00513214, 0.0014251 ,
       0.00145228, 0.00110859, 0.00049277, 0.00070039, 0.01043046,
       0.0031999 , 0.001025  , 0.00150494, 0.01043046, 0.00086753,
       0.001025  , 0.0019157 , 0.00084447, 0.00666228, 0.01420636]), np.float64(1.0000000000000002)], [array([0.00345519, 0.00170557, 0.00197751, 0.00174557, 0.00104858,
       0.00090259, 0.00090259, 0.00101618, 0.00949588, 0.00453797,
       0.00063381, 0.00181086, 0.00074951, 0.00173874, 0.00170557,
       0.01804118, 0.00105622, 0.00101856, 0.00152535, 0.00197751,
       0.16930314, 0.0010461 , 0.00303794, 0.00088345, 0.00630512,
       0.00023002, 0.00340721, 0.00159599, 0.00101316, 0.00559677,
       0.00201114, 0.01804118, 0.00949588, 0.00359261, 0.00949588,
       0.00949588, 0.00081017, 0.00102963, 0.00130533, 0.00173874,
       0.00173874, 0.01096349, 0.00273631, 0.00099749, 0.00213564,
       0.00090436, 0.00101677, 0.00099749, 0.00303794, 0.13494266,
       0.00650144, 0.00223822, 0.00101677, 0.00101677, 0.00347454,
       0.00760534, 0.00240938, 0.00223822, 0.00239559, 0.00075599,
       0.00191276, 0.00104858, 0.00588177, 0.00760534, 0.00074854,
       0.00070901, 0.0008116 , 0.00069897, 0.00086267, 0.00101677,
       0.00271569, 0.00986528, 0.00213564, 0.0019967 , 0.00271569,
       0.00088345, 0.00102963, 0.00213574, 0.00074854, 0.00187099,
       0.00081017, 0.00347454, 0.00090554, 0.00347454, 0.00137614,
       0.00191276, 0.00213574, 0.00103093, 0.00060317, 0.0008116 ,
       0.00187099, 0.00174557, 0.00099749, 0.0008116 , 0.00062488,
       0.00064356, 0.0008116 , 0.00103524, 0.00468064, 0.00191276,
       0.00088069, 0.00655475, 0.0009807 , 0.00103524, 0.00023002,
       0.00213564, 0.00103093, 0.00062488, 0.00082721, 0.00155911,
       0.00121237, 0.00166728, 0.00172712, 0.00282401, 0.01421439,
       0.00090554, 0.00099779, 0.001973  , 0.00322989, 0.00064356,
       0.13494266, 0.00456102, 0.00134801, 0.00129519, 0.00569074,
       0.00062488, 0.00121237, 0.00102261, 0.00134801, 0.00038082,
       0.00107691, 0.00096473, 0.01258728, 0.00197928, 0.00456102,
       0.00088705, 0.00062488, 0.00038082, 0.00107691, 0.00139682,
       0.00166343, 0.00139165, 0.01034169, 0.00076298, 0.01258728,
       0.00149586, 0.007617  , 0.00173136, 0.0009048 , 0.00139165,
       0.00340721, 0.00321788, 0.00240123, 0.00072156, 0.00079519,
       0.00321788, 0.00075593, 0.00456102, 0.01258728, 0.00174007,
       0.01920139, 0.00107691, 0.00099779, 0.00876479, 0.00107691,
       0.007617  , 0.00116622, 0.00174007, 0.00107691, 0.00240123,
       0.00139165, 0.00135812, 0.00079862, 0.00099779, 0.00064514,
       0.00068162, 0.00569074, 0.007617  , 0.00038082, 0.00178801,
       0.00099798, 0.00086953, 0.00139165, 0.00483526, 0.00136835,
       0.00129519, 0.00107691, 0.00047249, 0.00064514, 0.00949895,
       0.00321788, 0.00092052, 0.00144036, 0.00949895, 0.00083831,
       0.00092052, 0.00178801, 0.00081517, 0.0077005 , 0.01276425]), np.float64(1.0000000000000002)], [array([0.00270037, 0.00169013, 0.00182365, 0.00150432, 0.00088902,
       0.00077077, 0.00077077, 0.00084655, 0.01933111, 0.00383344,
       0.00054456, 0.00143355, 0.00063433, 0.00171231, 0.00169013,
       0.01405171, 0.00089974, 0.00085682, 0.00127752, 0.00182365,
       0.16602347, 0.0009126 , 0.0027039 , 0.00077245, 0.00537896,
       0.00019122, 0.00422037, 0.00144893, 0.00084894, 0.0047061 ,
       0.00176724, 0.01405171, 0.01933111, 0.00324741, 0.01933111,
       0.01933111, 0.00072706, 0.00090576, 0.00123875, 0.00171231,
       0.00171231, 0.00906402, 0.00227989, 0.00080107, 0.00192658,
       0.00077943, 0.0008866 , 0.00080107, 0.0027039 , 0.14965111,
       0.00553324, 0.00193466, 0.0008866 , 0.0008866 , 0.00327695,
       0.00651127, 0.00267158, 0.00193466, 0.00216829, 0.00077118,
       0.00192051, 0.00088902, 0.00514521, 0.00651127, 0.00065758,
       0.00062301, 0.00070856, 0.00058236, 0.00075582, 0.0008866 ,
       0.0022874 , 0.00852638, 0.00192658, 0.00110573, 0.0022874 ,
       0.00077245, 0.00090576, 0.00185532, 0.00065758, 0.00163474,
       0.00072706, 0.00327695, 0.00081507, 0.00327695, 0.00123334,
       0.00192051, 0.00185532, 0.00102827, 0.00050296, 0.00070856,
       0.00163474, 0.00150432, 0.00080107, 0.00070856, 0.00054372,
       0.00053067, 0.00070856, 0.00095556, 0.00443565, 0.00192051,
       0.0008908 , 0.00567161, 0.00082473, 0.00095556, 0.00019122,
       0.00192658, 0.00102827, 0.00054372, 0.00067196, 0.00140415,
       0.0011476 , 0.00142177, 0.00143752, 0.00237565, 0.01394953,
       0.00081507, 0.00090041, 0.00165922, 0.00270138, 0.00053067,
       0.14965111, 0.00391943, 0.00146511, 0.00116841, 0.00394654,
       0.00054372, 0.0011476 , 0.00104434, 0.00146511, 0.00032613,
       0.00092772, 0.0009528 , 0.01141044, 0.00176937, 0.00391943,
       0.00081864, 0.00054372, 0.00032613, 0.00092772, 0.00120719,
       0.00135312, 0.001153  , 0.00608361, 0.00063849, 0.01141044,
       0.00136085, 0.00659738, 0.00149332, 0.00076967, 0.001153  ,
       0.00422037, 0.0031727 , 0.00206426, 0.00060133, 0.00083292,
       0.0031727 , 0.00072332, 0.00391943, 0.01141044, 0.00148311,
       0.01948176, 0.00092772, 0.00090041, 0.00675948, 0.00092772,
       0.00659738, 0.0010416 , 0.00148311, 0.00092772, 0.00206426,
       0.001153  , 0.00133608, 0.00068695, 0.00090041, 0.00054895,
       0.00053808, 0.00394654, 0.00659738, 0.00032613, 0.0015111 ,
       0.00087027, 0.00071957, 0.001153  , 0.00478963, 0.00121355,
       0.00116841, 0.00092772, 0.00043045, 0.00054895, 0.0083978 ,
       0.0031727 , 0.0007655 , 0.00122715, 0.0083978 , 0.00071762,
       0.0007655 , 0.0015111 , 0.00076515, 0.0060199 , 0.01079735]), np.float64(1.0000000000000002)], [array([0.00263869, 0.00177031, 0.00188117, 0.00151162, 0.00082512,
       0.0007966 , 0.0007966 , 0.00079895, 0.01824583, 0.00380599,
       0.00052399, 0.00133801, 0.00056588, 0.00168777, 0.00177031,
       0.01203739, 0.00092617, 0.00082422, 0.00118994, 0.00188117,
       0.17430006, 0.00089832, 0.00254871, 0.00075112, 0.00524464,
       0.00018334, 0.00429644, 0.00148534, 0.00089113, 0.0038767 ,
       0.00156862, 0.01203739, 0.01824583, 0.00337147, 0.01824583,
       0.01824583, 0.00080142, 0.00091952, 0.00127408, 0.00168777,
       0.00168777, 0.0088699 , 0.00222518, 0.00076171, 0.00179091,
       0.00074373, 0.00084869, 0.00076171, 0.00254871, 0.1553702 ,
       0.00424289, 0.00192313, 0.00084869, 0.00084869, 0.00236643,
       0.00586072, 0.00287453, 0.00192313, 0.00204396, 0.00085961,
       0.00218886, 0.00082512, 0.0046499 , 0.00586072, 0.00063806,
       0.00060549, 0.00068771, 0.00056669, 0.00073367, 0.00084869,
       0.00211564, 0.00820009, 0.00179091, 0.00128045, 0.00211564,
       0.00075112, 0.00091952, 0.00166711, 0.00063806, 0.00156529,
       0.00080142, 0.00236643, 0.00077882, 0.00236643, 0.00122685,
       0.00218886, 0.00166711, 0.00127355, 0.00053864, 0.00068771,
       0.00156529, 0.00151162, 0.00076171, 0.00068771, 0.00053017,
       0.00050429, 0.00068771, 0.00101772, 0.00499361, 0.00218886,
       0.00097464, 0.00531542, 0.00075117, 0.00101772, 0.00018334,
       0.00179091, 0.00127355, 0.00053017, 0.00060852, 0.00133096,
       0.00114511, 0.00135663, 0.00136274, 0.00261323, 0.01311755,
       0.00077882, 0.00094107, 0.00159374, 0.00263861, 0.00050429,
       0.1553702 , 0.0038881 , 0.00165245, 0.00106761, 0.00559697,
       0.00053017, 0.00114511, 0.00103281, 0.00165245, 0.00033196,
       0.00089037, 0.00092496, 0.01184796, 0.00164017, 0.0038881 ,
       0.00077479, 0.00053017, 0.00033196, 0.00089037, 0.00107421,
       0.00128063, 0.00111591, 0.00273258, 0.00060509, 0.01184796,
       0.00131934, 0.00612311, 0.0014265 , 0.0007965 , 0.00111591,
       0.00429644, 0.00356913, 0.00199782, 0.00053695, 0.0007982 ,
       0.00356913, 0.00074423, 0.0038881 , 0.01184796, 0.00137449,
       0.01969585, 0.00089037, 0.00094107, 0.00608723, 0.00089037,
       0.00612311, 0.00103509, 0.00137449, 0.00089037, 0.00199782,
       0.00111591, 0.00118881, 0.00066643, 0.00094107, 0.00052113,
       0.00050439, 0.00559697, 0.00612311, 0.00033196, 0.00147474,
       0.00090674, 0.00066332, 0.00111591, 0.00444908, 0.00114219,
       0.00106761, 0.00089037, 0.0004439 , 0.00052113, 0.00770413,
       0.00356913, 0.00074223, 0.00115443, 0.00770413, 0.00066376,
       0.00074223, 0.00147474, 0.000776  , 0.00564244, 0.01127827]), np.float64(0.9999999999999999)], [array([2.46881813e-03, 1.82209574e-03, 1.76974034e-03, 1.45684574e-03,
       7.48173628e-04, 7.32927059e-04, 7.32927059e-04, 7.22968943e-04,
       2.06451232e-02, 3.28116211e-03, 4.95315104e-04, 1.24269240e-03,
       5.36342443e-04, 1.55551866e-03, 1.82209574e-03, 1.08370979e-02,
       9.11270392e-04, 8.43699102e-04, 1.00003933e-03, 1.76974021e-03,
       1.74155865e-01, 8.28970949e-04, 2.46384104e-03, 6.87091346e-04,
       4.69262042e-03, 1.69196548e-04, 3.92040411e-03, 1.35933719e-03,
       8.64265521e-04, 3.74900422e-03, 1.36754123e-03, 1.08370979e-02,
       2.06451253e-02, 3.05680832e-03, 2.06451232e-02, 2.06451232e-02,
       7.29354780e-04, 9.25078927e-04, 1.43209327e-03, 1.55551847e-03,
       1.55551876e-03, 7.92761223e-03, 2.09118731e-03, 7.06214510e-04,
       1.73307124e-03, 6.89631783e-04, 7.42552107e-04, 7.06214431e-04,
       2.46384104e-03, 1.63488200e-01, 4.99130458e-03, 1.77414709e-03,
       7.42552107e-04, 7.42552021e-04, 2.31413317e-03, 5.72931253e-03,
       3.40218675e-03, 1.77414709e-03, 1.73919047e-03, 9.43680935e-04,
       2.23703508e-03, 7.48173628e-04, 4.10425215e-03, 5.72931253e-03,
       5.94188600e-04, 5.52698284e-04, 6.38890640e-04, 5.32094412e-04,
       6.54050279e-04, 7.42552107e-04, 1.93013461e-03, 7.60959061e-03,
       1.73307113e-03, 8.06608168e-04, 1.93013476e-03, 6.87091420e-04,
       9.25078927e-04, 1.41674222e-03, 5.94188545e-04, 1.42070306e-03,
       7.29354864e-04, 2.31413317e-03, 7.05795593e-04, 2.31413317e-03,
       1.35696124e-03, 2.23703508e-03, 1.41674237e-03, 1.55479626e-03,
       6.43817286e-04, 6.38890640e-04, 1.42070321e-03, 1.45684574e-03,
       7.06214510e-04, 6.38890640e-04, 4.81051624e-04, 4.43893628e-04,
       6.38890640e-04, 9.88843473e-04, 4.36360968e-03, 2.23703488e-03,
       8.87664903e-04, 4.37908765e-03, 7.19771839e-04, 9.88843396e-04,
       1.69196566e-04, 1.73307101e-03, 1.55479636e-03, 4.81051588e-04,
       5.53204881e-04, 1.24306738e-03, 1.07219913e-03, 1.34974330e-03,
       1.28434060e-03, 1.98275264e-03, 1.21605239e-02, 7.05795593e-04,
       8.32207449e-04, 1.52575019e-03, 2.54622868e-03, 4.43893628e-04,
       1.63488200e-01, 3.68306051e-03, 1.47553794e-03, 1.16835347e-03,
       5.60854888e-03, 4.81051588e-04, 1.07219913e-03, 8.89686388e-04,
       1.47553794e-03, 3.21497521e-04, 8.31482643e-04, 8.08870152e-04,
       1.10507657e-02, 1.61659070e-03, 3.68306104e-03, 6.57970607e-04,
       4.81051588e-04, 3.21497521e-04, 8.31482643e-04, 9.71923656e-04,
       1.14137347e-03, 1.13305060e-03, 2.28292926e-03, 5.38846839e-04,
       1.10507657e-02, 1.25094902e-03, 5.54736880e-03, 1.33692605e-03,
       7.35364546e-04, 1.13305060e-03, 3.92040411e-03, 4.08453482e-03,
       1.82710425e-03, 5.42542536e-04, 7.52667969e-04, 4.08453482e-03,
       7.02187581e-04, 3.68306104e-03, 1.10507657e-02, 1.19516629e-03,
       1.85167300e-02, 8.31482643e-04, 8.32207504e-04, 5.22830583e-03,
       8.31482697e-04, 5.54736940e-03, 1.00567635e-03, 1.19516629e-03,
       8.31482643e-04, 1.82710425e-03, 1.13305071e-03, 1.04105396e-03,
       6.12219751e-04, 8.32207558e-04, 4.78185991e-04, 4.31719633e-04,
       5.60854888e-03, 5.54736880e-03, 3.21497521e-04, 1.32903618e-03,
       8.64911614e-04, 6.38152171e-04, 1.13305060e-03, 4.49522309e-03,
       1.01168512e-03, 1.16835357e-03, 8.31482643e-04, 4.44335263e-04,
       4.78185991e-04, 7.64306445e-03, 4.08453482e-03, 6.53482889e-04,
       1.02157157e-03, 7.64306445e-03, 6.01448701e-04, 6.53482821e-04,
       1.32903604e-03, 7.37703232e-04, 4.72637326e-03, 1.10782742e-02]), np.float64(1.0000000000000004)], [array([2.45197616e-03, 1.85277498e-03, 1.77367754e-03, 1.45598746e-03,
       7.96910800e-04, 7.26971074e-04, 7.26971074e-04, 6.80326487e-04,
       2.40585998e-02, 3.65628135e-03, 4.86289980e-04, 1.28341485e-03,
       5.63690331e-04, 1.62491630e-03, 1.85277498e-03, 1.02070211e-02,
       9.18557925e-04, 8.79313202e-04, 1.00197416e-03, 1.77367728e-03,
       2.02691718e-01, 8.30030263e-04, 2.43012196e-03, 6.95837003e-04,
       5.22730530e-03, 1.67213346e-04, 3.76784336e-03, 1.32664626e-03,
       9.61136363e-04, 3.86816890e-03, 1.40656057e-03, 1.02070211e-02,
       2.40585983e-02, 3.13070611e-03, 2.40585998e-02, 2.40585969e-02,
       7.88129680e-04, 9.95830342e-04, 1.64133698e-03, 1.62491630e-03,
       1.62491630e-03, 8.10927781e-03, 2.08163330e-03, 7.42641547e-04,
       1.89346307e-03, 6.91781358e-04, 7.18841124e-04, 7.42641547e-04,
       2.43012220e-03, 1.41718564e-01, 4.84751840e-03, 1.93554599e-03,
       7.18841124e-04, 7.18841041e-04, 2.88004908e-03, 5.88786731e-03,
       2.18872380e-03, 1.93554599e-03, 1.74365487e-03, 1.12505058e-03,
       2.54316306e-03, 7.96910800e-04, 4.03127288e-03, 5.88786731e-03,
       5.95870529e-04, 5.44589217e-04, 6.49280592e-04, 5.42579847e-04,
       6.38597640e-04, 7.18841124e-04, 1.78789859e-03, 8.26385807e-03,
       1.89346307e-03, 1.17126965e-03, 1.78789846e-03, 6.95837081e-04,
       9.95830342e-04, 1.61349847e-03, 5.95870529e-04, 1.50299387e-03,
       7.88129680e-04, 2.88004908e-03, 7.09077962e-04, 2.88004908e-03,
       1.28357125e-03, 2.54316306e-03, 1.61349847e-03, 1.82792944e-03,
       6.43309398e-04, 6.49280592e-04, 1.50299396e-03, 1.45598729e-03,
       7.42641547e-04, 6.49280729e-04, 4.89342895e-04, 4.33508820e-04,
       6.49280592e-04, 1.02906263e-03, 4.05000455e-03, 2.54316306e-03,
       8.85029341e-04, 4.39921661e-03, 7.33724285e-04, 1.02906263e-03,
       1.67213327e-04, 1.89346293e-03, 1.82792944e-03, 4.89342856e-04,
       5.55630227e-04, 1.35136223e-03, 1.07860463e-03, 1.40064846e-03,
       1.26793933e-03, 1.90654333e-03, 1.15326910e-02, 7.09077881e-04,
       8.56287208e-04, 1.57114318e-03, 2.53238398e-03, 4.33508850e-04,
       1.41718564e-01, 3.80699158e-03, 1.28456170e-03, 1.12060532e-03,
       6.27272286e-03, 4.89342817e-04, 1.07860473e-03, 8.47178249e-04,
       1.28456170e-03, 3.38597386e-04, 8.29398864e-04, 7.90414707e-04,
       1.16088678e-02, 1.44026840e-03, 3.80699158e-03, 6.48398358e-04,
       4.89342817e-04, 3.38597423e-04, 8.29398753e-04, 9.57784395e-04,
       1.14732951e-03, 1.23503020e-03, 2.15910442e-03, 5.41800166e-04,
       1.16088678e-02, 1.29324128e-03, 5.25199141e-03, 1.35450700e-03,
       7.39408846e-04, 1.23503033e-03, 3.76784336e-03, 3.91997580e-03,
       1.98307794e-03, 5.61982243e-04, 7.88758997e-04, 3.91997580e-03,
       7.14941747e-04, 3.80699158e-03, 1.16088678e-02, 1.11249011e-03,
       1.44470843e-02, 8.29398753e-04, 8.56287327e-04, 5.27444670e-03,
       8.29398753e-04, 5.25199085e-03, 9.97012369e-04, 1.11249011e-03,
       8.29398753e-04, 1.98307794e-03, 1.23503033e-03, 1.00706936e-03,
       6.11342563e-04, 8.56287208e-04, 4.37685458e-04, 4.36298789e-04,
       6.27272286e-03, 5.25199141e-03, 3.38597386e-04, 1.32381537e-03,
       9.35807706e-04, 6.47015116e-04, 1.23503020e-03, 4.81793302e-03,
       9.02528886e-04, 1.12060532e-03, 8.29398864e-04, 5.03084972e-04,
       4.37685458e-04, 7.54243923e-03, 3.91997549e-03, 6.40708906e-04,
       9.91540486e-04, 7.54243923e-03, 5.98649560e-04, 6.40708772e-04,
       1.32381537e-03, 8.53030548e-04, 4.50072618e-03, 1.04175784e-02]), np.float64(0.9999999999999999)], [array([3.03269299e-03, 1.69728000e-03, 1.68752065e-03, 1.18767113e-03,
       7.74308795e-04, 6.81602867e-04, 6.81602825e-04, 5.86246638e-04,
       2.46101408e-02, 3.54434551e-03, 4.36279955e-04, 1.18703253e-03,
       4.48923691e-04, 1.56173263e-03, 1.69728000e-03, 9.91632940e-03,
       7.67676771e-04, 7.83398615e-04, 9.00716348e-04, 1.68752039e-03,
       2.01394275e-01, 7.40523608e-04, 2.18385159e-03, 6.38624064e-04,
       4.60058631e-03, 1.53896534e-04, 3.59373329e-03, 1.26456622e-03,
       9.00164596e-04, 3.66998002e-03, 1.40556120e-03, 9.91632940e-03,
       2.46101408e-02, 2.81614669e-03, 2.46101391e-02, 2.46101408e-02,
       7.09598408e-04, 9.91385300e-04, 1.61923704e-03, 1.56173297e-03,
       1.56173274e-03, 7.15986195e-03, 1.86909083e-03, 8.15753822e-04,
       1.73934773e-03, 6.21597930e-04, 6.60741408e-04, 8.15753761e-04,
       2.18385181e-03, 1.57567197e-01, 4.33353375e-03, 1.66936140e-03,
       6.60741408e-04, 6.60741368e-04, 3.13171984e-03, 5.51983649e-03,
       2.04087822e-03, 1.66936140e-03, 1.53527276e-03, 1.15537214e-03,
       2.55426368e-03, 7.74308740e-04, 3.79568074e-03, 5.51983614e-03,
       4.79372308e-04, 4.82115246e-04, 6.00212162e-04, 5.11382088e-04,
       5.72032983e-04, 6.60741368e-04, 1.61899952e-03, 8.44322611e-03,
       1.73934773e-03, 9.62052418e-04, 1.61899952e-03, 6.38624139e-04,
       9.91385300e-04, 1.50801985e-03, 4.79372308e-04, 1.32974185e-03,
       7.09598408e-04, 3.13171962e-03, 6.45310891e-04, 3.13171984e-03,
       1.21388861e-03, 2.55426368e-03, 1.50802005e-03, 1.84620951e-03,
       5.79061860e-04, 6.00212162e-04, 1.32974185e-03, 1.18767126e-03,
       8.15753822e-04, 6.00212228e-04, 4.80814473e-04, 3.97284133e-04,
       6.00212162e-04, 1.00547293e-03, 4.13367662e-03, 2.55426368e-03,
       7.43337875e-04, 4.11074751e-03, 6.07743889e-04, 1.00547293e-03,
       1.53896499e-04, 1.73934773e-03, 1.84620966e-03, 4.80814473e-04,
       5.17377569e-04, 1.26326000e-03, 9.66109032e-04, 1.19134424e-03,
       1.15110341e-03, 1.93035658e-03, 1.11219420e-02, 6.45310967e-04,
       7.70799463e-04, 1.43904938e-03, 2.29019237e-03, 3.97284133e-04,
       1.57567197e-01, 3.55623859e-03, 1.12952751e-03, 1.01436105e-03,
       7.55398515e-03, 4.80814558e-04, 9.66109032e-04, 7.64323523e-04,
       1.12952751e-03, 3.17245945e-04, 7.42216641e-04, 6.95270321e-04,
       8.63397797e-03, 1.17319550e-03, 3.55623859e-03, 5.83438511e-04,
       4.80814515e-04, 3.17245982e-04, 7.42216793e-04, 8.96663402e-04,
       1.02881138e-03, 1.17007979e-03, 1.73393763e-03, 4.84863179e-04,
       8.63397797e-03, 1.16802323e-03, 4.49502313e-03, 1.22733141e-03,
       6.60340530e-04, 1.17007979e-03, 3.59373329e-03, 3.10970024e-03,
       3.13419955e-03, 4.90536086e-04, 7.46925665e-04, 3.10970024e-03,
       6.74236396e-04, 3.55623859e-03, 8.63397797e-03, 1.00480923e-03,
       1.43659688e-02, 7.42216692e-04, 7.70799463e-04, 4.76431302e-03,
       7.42216692e-04, 4.49502266e-03, 8.44278365e-04, 1.00480923e-03,
       7.42216692e-04, 3.13419955e-03, 1.17007979e-03, 7.75028652e-04,
       5.65311000e-04, 7.70799518e-04, 3.85453760e-04, 4.02083115e-04,
       7.55398515e-03, 4.49502266e-03, 3.17245982e-04, 1.27005614e-03,
       8.44826445e-04, 5.90959763e-04, 1.17007967e-03, 4.58804374e-03,
       8.18283535e-04, 1.01436105e-03, 7.42216692e-04, 5.38927103e-04,
       3.85453815e-04, 6.30231466e-03, 3.10970047e-03, 5.81440364e-04,
       8.86940048e-04, 6.30231466e-03, 5.36161443e-04, 5.81440302e-04,
       1.27005600e-03, 7.62505478e-04, 3.73496728e-03, 7.89158251e-03]), np.float64(0.9999999999999994)], [array([3.06520693e-03, 7.81565095e-04, 1.50763770e-03, 1.21618462e-03,
       7.83133289e-04, 6.85228514e-04, 6.85228514e-04, 5.81908111e-04,
       1.82156148e-02, 3.49430693e-03, 4.25906631e-04, 1.12870627e-03,
       4.60288713e-04, 1.56066508e-03, 7.81565095e-04, 1.03841278e-02,
       7.24974916e-04, 7.55428997e-04, 8.84211762e-04, 1.50763770e-03,
       2.19604566e-01, 7.64473822e-04, 1.99904725e-03, 6.22125342e-04,
       4.66506256e-03, 1.49285395e-04, 3.33038591e-03, 1.23428253e-03,
       8.88469222e-04, 3.82386239e-03, 1.16514825e-03, 1.03841278e-02,
       1.82156128e-02, 2.54449382e-03, 1.82156148e-02, 1.82156128e-02,
       6.79092488e-04, 1.01205348e-03, 1.68661377e-03, 1.56066508e-03,
       1.56066508e-03, 8.08117064e-03, 1.71333037e-03, 8.49100581e-04,
       1.72381512e-03, 6.01946065e-04, 6.60490589e-04, 8.49100581e-04,
       1.99904783e-03, 1.66989003e-01, 4.18713241e-03, 1.82271462e-03,
       6.60490589e-04, 6.60490589e-04, 3.32949260e-03, 5.60002171e-03,
       1.90944508e-03, 1.82271446e-03, 1.52848039e-03, 1.24046065e-03,
       2.62531764e-03, 7.83133230e-04, 3.57629706e-03, 5.60002171e-03,
       4.18937499e-04, 4.58054731e-04, 6.06208565e-04, 5.00581624e-04,
       5.63703039e-04, 6.60490589e-04, 1.56652171e-03, 8.03124791e-03,
       1.72381512e-03, 7.82940506e-04, 1.56652183e-03, 6.22125380e-04,
       1.01205348e-03, 1.50201010e-03, 4.18937499e-04, 1.38924932e-03,
       6.79092533e-04, 3.32949287e-03, 6.17900794e-04, 3.32949287e-03,
       1.33861902e-03, 2.62531764e-03, 1.50201021e-03, 1.96118561e-03,
       5.31584698e-04, 6.06208565e-04, 1.38924941e-03, 1.21618462e-03,
       8.49100511e-04, 6.06208565e-04, 4.88873958e-04, 4.00917178e-04,
       6.06208565e-04, 1.03021542e-03, 4.34355522e-03, 2.62531764e-03,
       7.02610600e-04, 3.97261480e-03, 6.00559258e-04, 1.03021532e-03,
       1.49285412e-04, 1.72381526e-03, 1.96118543e-03, 4.88873911e-04,
       4.97067411e-04, 1.16855954e-03, 9.81204447e-04, 1.14163356e-03,
       1.14139733e-03, 1.41203716e-03, 1.11646002e-02, 6.17900794e-04,
       7.26582117e-04, 1.39245541e-03, 2.20322604e-03, 4.00917178e-04,
       1.66989024e-01, 3.48134083e-03, 1.06649875e-03, 9.51621684e-04,
       7.66047496e-03, 4.88873911e-04, 9.81204447e-04, 7.03124875e-04,
       1.06649875e-03, 3.14343912e-04, 7.16064361e-04, 7.10132272e-04,
       8.01411011e-03, 1.20944629e-03, 3.48134053e-03, 6.64364197e-04,
       4.88873958e-04, 3.14343912e-04, 7.16064361e-04, 8.86750015e-04,
       1.04286274e-03, 1.19098885e-03, 9.48585620e-04, 4.92789289e-04,
       8.01410933e-03, 1.20165340e-03, 4.23778072e-03, 1.20611630e-03,
       6.43865952e-04, 1.19098885e-03, 3.33038591e-03, 1.75285714e-03,
       3.57494290e-03, 4.75951760e-04, 7.42808881e-04, 1.75285729e-03,
       6.38449950e-04, 3.48134083e-03, 8.01410933e-03, 9.83589628e-04,
       1.37042650e-02, 7.16064361e-04, 7.26582065e-04, 4.58773186e-03,
       7.16064262e-04, 4.23778072e-03, 8.16156980e-04, 9.83589628e-04,
       7.16064312e-04, 3.57494290e-03, 1.19098885e-03, 6.54370228e-04,
       5.47986260e-04, 7.26582117e-04, 3.74143465e-04, 3.91202462e-04,
       7.66047496e-03, 4.23778072e-03, 3.14343912e-04, 1.24590154e-03,
       8.30479665e-04, 5.54758848e-04, 1.19098885e-03, 4.64759259e-03,
       8.07837153e-04, 9.51621859e-04, 7.16064262e-04, 5.73882099e-04,
       3.74143492e-04, 5.73217105e-03, 1.75285714e-03, 5.64184992e-04,
       9.10760408e-04, 5.73217105e-03, 5.09016743e-04, 5.64184992e-04,
       1.24590147e-03, 7.65776078e-04, 3.68660388e-03, 7.80357502e-03]), np.float64(0.9999999999999999)], [array([2.51727199e-03, 7.00282854e-04, 1.18287895e-03, 1.21602585e-03,
       7.79727510e-04, 7.09375033e-04, 7.09374982e-04, 6.11143319e-04,
       1.42263567e-02, 3.38761880e-03, 4.35514576e-04, 1.01445575e-03,
       4.93175364e-04, 1.57165208e-03, 7.00282854e-04, 1.08189999e-02,
       6.60694494e-04, 7.41320812e-04, 9.07502941e-04, 1.18287895e-03,
       2.43354589e-01, 7.70092198e-04, 1.95756272e-03, 6.41847323e-04,
       4.83199930e-03, 1.46703800e-04, 2.80914334e-03, 1.26906000e-03,
       9.05202762e-04, 3.91891344e-03, 1.18752919e-03, 1.08189999e-02,
       1.42263579e-02, 2.84408571e-03, 1.42263592e-02, 1.42263592e-02,
       6.96321156e-04, 9.97572474e-04, 1.67628874e-03, 1.57165208e-03,
       1.57165196e-03, 7.98467331e-03, 1.65682323e-03, 8.92096365e-04,
       1.72372469e-03, 5.95786710e-04, 6.56136201e-04, 8.92096365e-04,
       1.95756292e-03, 1.62282722e-01, 4.00041433e-03, 1.86949693e-03,
       6.56136201e-04, 6.56136201e-04, 3.74094899e-03, 5.60000043e-03,
       1.96063000e-03, 1.86949676e-03, 1.48761436e-03, 1.24227267e-03,
       2.66012154e-03, 7.79727510e-04, 3.46961804e-03, 5.60000082e-03,
       4.46193806e-04, 4.42327382e-04, 6.22879752e-04, 5.13780149e-04,
       5.43612784e-04, 6.56136157e-04, 1.55940396e-03, 8.09840117e-03,
       1.72372469e-03, 7.79097283e-04, 1.55940396e-03, 6.41847240e-04,
       9.97572474e-04, 1.38104965e-03, 4.46193806e-04, 1.43316464e-03,
       6.96321156e-04, 3.74094899e-03, 5.89546917e-04, 3.74094899e-03,
       1.27092121e-03, 2.66012154e-03, 1.38104946e-03, 1.84432523e-03,
       5.08757653e-04, 6.22879752e-04, 1.43316464e-03, 1.21602592e-03,
       8.92096365e-04, 6.22879791e-04, 5.29963086e-04, 3.88906391e-04,
       6.22879752e-04, 1.01357717e-03, 4.05038249e-03, 2.66012136e-03,
       7.08544275e-04, 4.32609929e-03, 5.83819883e-04, 1.01357717e-03,
       1.46703800e-04, 1.72372469e-03, 1.84432506e-03, 5.29963086e-04,
       4.83043701e-04, 1.14379566e-03, 9.86832662e-04, 1.13047038e-03,
       1.14598181e-03, 1.10021273e-03, 1.14243143e-02, 5.89546917e-04,
       7.15997357e-04, 1.38161445e-03, 2.24095537e-03, 3.88906360e-04,
       1.62282722e-01, 3.58089222e-03, 1.08457190e-03, 9.62144917e-04,
       7.76317314e-03, 5.29963086e-04, 9.86832565e-04, 6.64593826e-04,
       1.08457190e-03, 3.14856399e-04, 6.94209205e-04, 7.26845684e-04,
       7.71478708e-03, 1.18371067e-03, 3.58089158e-03, 6.69782244e-04,
       5.29963086e-04, 3.14856379e-04, 6.94209205e-04, 8.26697780e-04,
       1.05262392e-03, 1.13401023e-03, 1.23543979e-03, 5.30556498e-04,
       7.71478708e-03, 1.23356207e-03, 4.42299860e-03, 1.16682012e-03,
       6.30271453e-04, 1.13401023e-03, 2.80914334e-03, 2.31125048e-03,
       3.37688328e-03, 4.87491120e-04, 7.35700409e-04, 2.31125075e-03,
       6.31414063e-04, 3.58089222e-03, 7.71478708e-03, 9.68688625e-04,
       1.33644041e-02, 6.94209205e-04, 7.15997357e-04, 4.49175207e-03,
       6.94209157e-04, 4.42299811e-03, 7.88159474e-04, 9.68688625e-04,
       6.94209205e-04, 3.37688328e-03, 1.13401010e-03, 5.63346599e-04,
       5.50742620e-04, 7.15997306e-04, 3.69726959e-04, 3.98629950e-04,
       7.76317314e-03, 4.42299860e-03, 3.14856379e-04, 1.26185775e-03,
       8.77367459e-04, 5.63057297e-04, 1.13401010e-03, 4.68200551e-03,
       8.12545967e-04, 9.62144917e-04, 6.94209157e-04, 5.66110984e-04,
       3.69726959e-04, 5.77024931e-03, 2.31125075e-03, 5.61651757e-04,
       9.60684538e-04, 5.77024931e-03, 5.02876248e-04, 5.61651694e-04,
       1.26185775e-03, 7.53990370e-04, 3.81852354e-03, 8.59803209e-03]), np.float64(0.9999999999999997)], [array([2.17366547e-03, 7.85090586e-04, 1.15825343e-03, 1.18919232e-03,
       7.61707642e-04, 6.98672135e-04, 6.98672083e-04, 6.13889477e-04,
       1.27850031e-02, 3.05993161e-03, 4.55361689e-04, 9.49357493e-04,
       4.94618974e-04, 1.54095434e-03, 7.85090586e-04, 1.04661528e-02,
       6.36439828e-04, 7.47274898e-04, 9.36029796e-04, 1.15825343e-03,
       2.68157839e-01, 7.82588476e-04, 1.95616229e-03, 7.61304409e-04,
       4.72073405e-03, 1.45862224e-04, 2.94065323e-03, 1.29388285e-03,
       8.66875881e-04, 3.77580824e-03, 1.16914217e-03, 1.04661528e-02,
       1.27850031e-02, 2.58969571e-03, 1.27850042e-02, 1.27850042e-02,
       6.79730808e-04, 9.72510184e-04, 1.61502581e-03, 1.54095434e-03,
       1.54095421e-03, 8.33108599e-03, 1.52355375e-03, 8.76386612e-04,
       1.71304935e-03, 5.97749496e-04, 6.20433475e-04, 8.76386773e-04,
       1.95616269e-03, 1.57563052e-01, 3.28250088e-03, 1.87633419e-03,
       6.20433475e-04, 6.20433475e-04, 3.44234707e-03, 5.28418178e-03,
       1.29488860e-03, 1.87633419e-03, 1.39571782e-03, 1.22308867e-03,
       2.59702100e-03, 7.61707763e-04, 3.47377593e-03, 5.28418104e-03,
       4.44424477e-04, 4.51972525e-04, 6.06359179e-04, 4.88714348e-04,
       5.32163486e-04, 6.20433475e-04, 1.54588285e-03, 8.33468471e-03,
       1.71304951e-03, 7.83155257e-04, 1.54588285e-03, 7.61304409e-04,
       9.72510184e-04, 1.30566637e-03, 4.44424477e-04, 1.30256048e-03,
       6.79730759e-04, 3.44234707e-03, 6.06916157e-04, 3.44234707e-03,
       1.53684861e-03, 2.59702100e-03, 1.30566637e-03, 1.99505885e-03,
       4.85612901e-04, 6.06359218e-04, 1.30256048e-03, 1.18919246e-03,
       8.76386692e-04, 6.06359218e-04, 5.44763598e-04, 3.68785218e-04,
       6.06359179e-04, 1.02219945e-03, 3.86951213e-03, 2.59702100e-03,
       7.36846553e-04, 4.59646029e-03, 5.25785145e-04, 1.02219945e-03,
       1.45862233e-04, 1.71304935e-03, 1.99505885e-03, 5.44763536e-04,
       4.36498945e-04, 1.06516529e-03, 9.48254147e-04, 1.11931486e-03,
       1.13758625e-03, 1.90376968e-03, 1.05113319e-02, 6.06916080e-04,
       7.41517822e-04, 1.32761581e-03, 2.20458653e-03, 3.68785218e-04,
       1.57563052e-01, 3.54206513e-03, 1.01439988e-03, 9.25168507e-04,
       8.35368075e-03, 5.44763598e-04, 9.48254241e-04, 6.27602029e-04,
       1.01439998e-03, 3.12703240e-04, 6.63002117e-04, 7.22900574e-04,
       7.24407568e-03, 1.23077756e-03, 3.54206480e-03, 6.87522356e-04,
       5.44763536e-04, 3.12703260e-04, 6.63002071e-04, 9.28336350e-04,
       1.00810570e-03, 1.09439165e-03, 1.34813648e-03, 5.64785387e-04,
       7.24407568e-03, 1.08494804e-03, 4.50847568e-03, 1.13329957e-03,
       6.11925605e-04, 1.09439165e-03, 2.94065323e-03, 1.39849596e-03,
       3.09651612e-03, 4.87372235e-04, 7.11837017e-04, 1.39849596e-03,
       5.89589322e-04, 3.54206480e-03, 7.24407499e-03, 9.80024004e-04,
       1.38406352e-02, 6.63002117e-04, 7.41517879e-04, 4.45912140e-03,
       6.63002117e-04, 4.50847568e-03, 7.47378569e-04, 9.80024004e-04,
       6.63002163e-04, 3.09651612e-03, 1.09439177e-03, 4.72753437e-04,
       5.33979119e-04, 7.41517879e-04, 3.55370928e-04, 3.96526569e-04,
       8.35368166e-03, 4.50847621e-03, 3.12703240e-04, 1.29684852e-03,
       8.86800213e-04, 5.45143629e-04, 1.09439177e-03, 4.42725729e-03,
       7.89429385e-04, 9.25168507e-04, 6.63002117e-04, 5.50322890e-04,
       3.55370981e-04, 5.68585822e-03, 1.39849596e-03, 5.40762626e-04,
       9.14543856e-04, 5.68585822e-03, 4.90049382e-04, 5.40762626e-04,
       1.29684834e-03, 7.37233909e-04, 3.59634054e-03, 8.27962769e-03]), np.float64(0.9999999999999994)], [array([2.06322970e-03, 6.86507855e-04, 1.15037732e-03, 1.10345544e-03,
       7.38473672e-04, 6.72151814e-04, 6.72151764e-04, 6.15418839e-04,
       1.29809705e-02, 2.97258392e-03, 4.35564779e-04, 8.33592977e-04,
       4.23196979e-04, 1.47876019e-03, 6.86507855e-04, 1.04615527e-02,
       6.78442459e-04, 7.46000864e-04, 9.22518123e-04, 1.15037754e-03,
       2.68377186e-01, 7.74767074e-04, 1.80153236e-03, 7.58165386e-04,
       4.48476823e-03, 1.40082127e-04, 2.80404855e-03, 1.21825623e-03,
       8.28654395e-04, 3.59072941e-03, 1.15503345e-03, 1.04615527e-02,
       1.29809716e-02, 2.49438831e-03, 1.29809728e-02, 1.29809705e-02,
       6.59444628e-04, 9.51280569e-04, 1.56413032e-03, 1.47876031e-03,
       1.47876055e-03, 8.18220152e-03, 1.45114153e-03, 8.24219634e-04,
       1.69369872e-03, 5.90453009e-04, 5.79450316e-04, 8.24219634e-04,
       1.80153254e-03, 1.64880694e-01, 2.91719048e-03, 1.81096167e-03,
       5.79450316e-04, 5.79450316e-04, 3.31700248e-03, 4.97885165e-03,
       1.27127384e-03, 1.81096167e-03, 1.42787898e-03, 1.15061544e-03,
       2.52513376e-03, 7.38473611e-04, 3.51168615e-03, 4.97885200e-03,
       4.25855522e-04, 4.22166715e-04, 5.58619866e-04, 4.80113650e-04,
       5.56042019e-04, 5.79450316e-04, 1.42394479e-03, 8.29433111e-03,
       1.69369872e-03, 7.39783918e-04, 1.42394479e-03, 7.58165386e-04,
       9.51280569e-04, 1.29215254e-03, 4.25855481e-04, 7.28680521e-04,
       6.59444628e-04, 3.31700248e-03, 5.64209116e-04, 3.31700217e-03,
       1.54525555e-03, 2.52513376e-03, 1.29215235e-03, 2.05999593e-03,
       4.90813476e-04, 5.58619797e-04, 7.28680403e-04, 1.10345537e-03,
       8.24219710e-04, 5.58619797e-04, 5.43798032e-04, 3.61215468e-04,
       5.58619901e-04, 1.01252135e-03, 3.24811962e-03, 2.52513376e-03,
       6.95793840e-04, 4.27007158e-03, 4.84099349e-04, 1.01252112e-03,
       1.40082127e-04, 1.69369872e-03, 2.05999593e-03, 5.43797967e-04,
       4.52802125e-04, 1.06282813e-03, 9.05646731e-04, 1.06214816e-03,
       1.08489138e-03, 1.53500867e-03, 9.87628099e-03, 5.64209187e-04,
       7.28675504e-04, 1.27679104e-03, 4.93976970e-03, 3.61215468e-04,
       1.64880694e-01, 3.36265642e-03, 9.88890376e-04, 8.73543846e-04,
       8.03327875e-03, 5.43797967e-04, 9.05646731e-04, 5.78687620e-04,
       9.88890376e-04, 3.04966470e-04, 6.63681040e-04, 6.81713959e-04,
       7.05883385e-03, 1.18484304e-03, 3.36265642e-03, 6.46905519e-04,
       5.43797967e-04, 3.04966470e-04, 6.63681040e-04, 5.80038832e-04,
       9.46286059e-04, 1.05234122e-03, 1.28449811e-03, 5.67442353e-04,
       7.05883385e-03, 1.09520018e-03, 4.47139022e-03, 1.10368205e-03,
       5.75369129e-04, 1.05234134e-03, 2.80404899e-03, 1.87325002e-03,
       1.19884268e-03, 4.98905396e-04, 6.71638329e-04, 1.87324983e-03,
       5.86311325e-04, 3.36265642e-03, 7.05883385e-03, 9.88088949e-04,
       1.34302239e-02, 6.63680991e-04, 7.28675386e-04, 4.74287165e-03,
       6.63681089e-04, 4.47139022e-03, 6.97219341e-04, 9.88088949e-04,
       6.63681040e-04, 1.19884268e-03, 1.05234147e-03, 4.41304580e-04,
       5.03773765e-04, 7.28675386e-04, 3.36980218e-04, 3.82395012e-04,
       8.03327875e-03, 4.47139022e-03, 3.04966470e-04, 1.21625204e-03,
       9.17326573e-04, 5.23688257e-04, 1.05234134e-03, 4.09885089e-03,
       7.33545369e-04, 8.73543846e-04, 6.63681040e-04, 5.42063226e-04,
       3.36980218e-04, 5.43967496e-03, 1.87324983e-03, 5.57942542e-04,
       8.86941025e-04, 5.43967496e-03, 4.52599250e-04, 5.57942611e-04,
       1.21625195e-03, 6.76500753e-04, 1.11562314e-03, 7.88637510e-03]), np.float64(0.9999999999999991)], [array([2.08352796e-03, 7.67436687e-04, 1.19183475e-03, 1.07512853e-03,
       7.94355948e-04, 7.20711242e-04, 7.20711185e-04, 6.65566078e-04,
       1.37845254e-02, 2.97438003e-03, 4.66450235e-04, 8.22469190e-04,
       4.37367925e-04, 1.49259166e-03, 7.67436687e-04, 1.15129551e-02,
       6.87057885e-04, 7.65825754e-04, 9.72809161e-04, 1.19183468e-03,
       2.51822962e-01, 8.01277903e-04, 1.68930599e-03, 8.11570007e-04,
       4.93793122e-03, 1.42423471e-04, 2.92281645e-03, 1.27359281e-03,
       8.03878158e-04, 3.61086846e-03, 1.26725920e-03, 1.15129560e-02,
       1.37845227e-02, 2.14862254e-03, 1.37845254e-02, 1.37845254e-02,
       7.09796856e-04, 9.69134561e-04, 1.63145425e-03, 1.49259166e-03,
       1.49259166e-03, 9.37211630e-03, 1.44373562e-03, 8.55517706e-04,
       1.69921090e-03, 6.12165047e-04, 6.14289473e-04, 8.55517787e-04,
       1.68930568e-03, 1.66774955e-01, 2.99780474e-03, 1.86928625e-03,
       6.14289473e-04, 6.14289515e-04, 3.00331470e-03, 5.02201436e-03,
       1.28645812e-03, 1.86928625e-03, 1.41655218e-03, 1.12826872e-03,
       2.54199262e-03, 7.94355878e-04, 3.66990164e-03, 5.02201436e-03,
       4.33355782e-04, 4.14194159e-04, 5.59997331e-04, 4.84626111e-04,
       5.73424350e-04, 6.14289473e-04, 1.38492219e-03, 8.79005826e-03,
       1.69921090e-03, 6.06767340e-04, 1.38492230e-03, 8.11569934e-04,
       9.69134561e-04, 1.35864500e-03, 4.33355823e-04, 7.21467959e-04,
       7.09796911e-04, 3.00331470e-03, 5.76004789e-04, 3.00331470e-03,
       1.60437076e-03, 2.54199262e-03, 1.35864510e-03, 2.06932258e-03,
       4.84700230e-04, 5.59997331e-04, 7.21468016e-04, 1.07512860e-03,
       8.55517787e-04, 5.59997400e-04, 5.49920242e-04, 3.58028238e-04,
       5.59997366e-04, 1.07197114e-03, 3.32842567e-03, 2.54199262e-03,
       6.87474188e-04, 4.37176521e-03, 4.91822989e-04, 1.07197114e-03,
       1.42423480e-04, 1.69921090e-03, 2.06932258e-03, 5.49920141e-04,
       4.80861140e-04, 1.11211312e-03, 9.64505383e-04, 1.07894624e-03,
       1.09505799e-03, 1.62394263e-03, 1.00938861e-02, 5.76004789e-04,
       7.64872886e-04, 1.27554001e-03, 6.40743777e-03, 3.58028266e-04,
       1.66774967e-01, 3.29535472e-03, 9.10326371e-04, 8.45057196e-04,
       7.70581966e-03, 5.49920175e-04, 9.64505279e-04, 5.86647613e-04,
       9.10326463e-04, 3.14495692e-04, 6.52634196e-04, 6.55267837e-04,
       7.19553490e-03, 1.51427958e-03, 3.29535502e-03, 6.41994456e-04,
       5.49920175e-04, 3.14495714e-04, 6.52634196e-04, 8.00168407e-04,
       9.47713305e-04, 1.11030626e-03, 1.30944186e-03, 5.62303686e-04,
       7.19553490e-03, 1.16918404e-03, 4.95493639e-03, 1.11042664e-03,
       5.92583032e-04, 1.11030626e-03, 2.92281645e-03, 1.33326543e-03,
       1.22902080e-03, 4.94939850e-04, 6.85473756e-04, 1.33326543e-03,
       5.80114016e-04, 3.29535502e-03, 7.19553490e-03, 1.06617179e-03,
       1.45813701e-02, 6.52634196e-04, 7.64872886e-04, 4.86371161e-03,
       6.52634196e-04, 4.95493639e-03, 7.06533902e-04, 1.06617179e-03,
       6.52634243e-04, 1.22902080e-03, 1.11030619e-03, 4.30496356e-04,
       5.21309734e-04, 7.64872821e-04, 3.32976227e-04, 3.90084812e-04,
       7.70581966e-03, 4.95493639e-03, 3.14495692e-04, 1.22272125e-03,
       9.41525100e-04, 5.45512882e-04, 1.11030626e-03, 5.08309714e-03,
       8.05659608e-04, 8.45057117e-04, 6.52634196e-04, 5.75587587e-04,
       3.32976227e-04, 5.67555055e-03, 1.33326553e-03, 5.55133880e-04,
       8.66440950e-04, 5.67555055e-03, 4.64262055e-04, 5.55133743e-04,
       1.22272117e-03, 7.13649786e-04, 9.93018843e-04, 7.10679797e-03]), np.float64(1.0000000000000002)], [array([1.99756224e-03, 6.88172785e-04, 1.15541463e-03, 1.05291663e-03,
       6.92947589e-04, 6.76935598e-04, 6.76935598e-04, 6.65229997e-04,
       1.58808357e-02, 2.88011721e-03, 4.70556526e-04, 7.71086366e-04,
       4.58284240e-04, 1.45995132e-03, 6.88172785e-04, 1.17890632e-02,
       6.97815726e-04, 6.70719282e-04, 1.02326550e-03, 1.15541455e-03,
       2.31874954e-01, 8.43077213e-04, 1.48902731e-03, 8.04537039e-04,
       4.73394160e-03, 1.37186829e-04, 3.24110042e-03, 1.21081552e-03,
       8.31577202e-04, 3.43973161e-03, 1.16995363e-03, 1.17890632e-02,
       1.58808357e-02, 1.99720050e-03, 1.58808357e-02, 1.58808357e-02,
       6.94554881e-04, 9.26730529e-04, 1.61953576e-03, 1.45995132e-03,
       1.45995119e-03, 9.02425503e-03, 1.31635227e-03, 7.86237377e-04,
       1.61882803e-03, 5.96603071e-04, 5.73044452e-04, 7.86237304e-04,
       1.48902718e-03, 1.76721934e-01, 3.04477889e-03, 1.84510157e-03,
       5.73044491e-04, 5.73044491e-04, 2.47794503e-03, 4.87541561e-03,
       1.21596776e-03, 1.84510157e-03, 1.27092443e-03, 1.09634919e-03,
       2.39483611e-03, 6.92947589e-04, 3.53893484e-03, 4.87541561e-03,
       4.02764686e-04, 4.04900812e-04, 5.57401223e-04, 4.86079484e-04,
       5.48803676e-04, 5.73044452e-04, 1.24859875e-03, 8.29197769e-03,
       1.61882818e-03, 8.23174973e-04, 1.24859875e-03, 8.04537039e-04,
       9.26730631e-04, 1.31771678e-03, 4.02764686e-04, 6.97669273e-04,
       6.94554995e-04, 2.47794521e-03, 5.00288778e-04, 2.47794503e-03,
       1.50603607e-03, 2.39483628e-03, 1.31771678e-03, 2.35055049e-03,
       4.71808889e-04, 5.57401223e-04, 6.97669331e-04, 1.05291650e-03,
       7.86237377e-04, 5.57401223e-04, 5.39664339e-04, 3.42749967e-04,
       5.57401259e-04, 1.08044724e-03, 2.60248513e-03, 2.39483662e-03,
       6.91763537e-04, 4.51290134e-03, 5.10030919e-04, 1.08044696e-03,
       1.37186847e-04, 1.61882818e-03, 2.35055049e-03, 5.39664339e-04,
       4.50000989e-04, 1.02015170e-03, 9.37616129e-04, 1.02555164e-03,
       1.06507761e-03, 1.32114790e-03, 9.23693392e-03, 5.00288719e-04,
       7.59217109e-04, 1.20248969e-03, 6.57870924e-03, 3.42749940e-04,
       1.76721934e-01, 3.09568778e-03, 9.54050878e-04, 7.44879649e-04,
       8.52150773e-03, 5.39664408e-04, 9.37616233e-04, 5.52924448e-04,
       9.54050878e-04, 3.10174453e-04, 6.23420748e-04, 6.47331917e-04,
       7.14312061e-03, 1.04550580e-03, 3.09568807e-03, 5.51351762e-04,
       5.39664374e-04, 3.10174476e-04, 6.23420748e-04, 7.45411605e-04,
       9.31463053e-04, 1.12293473e-03, 3.07634786e-03, 5.36633493e-04,
       7.14312136e-03, 1.20988181e-03, 5.11107851e-03, 1.04723137e-03,
       5.63704716e-04, 1.12293473e-03, 3.24110042e-03, 1.30165160e-03,
       1.10505694e-03, 4.70325670e-04, 6.49470253e-04, 1.30165160e-03,
       5.93013922e-04, 3.09568807e-03, 7.14312061e-03, 1.09842342e-03,
       1.26379778e-02, 6.23420748e-04, 7.59217245e-04, 4.27737654e-03,
       6.23420748e-04, 5.11107851e-03, 6.75532003e-04, 1.09842342e-03,
       6.23420748e-04, 1.10505694e-03, 1.12293473e-03, 4.27081506e-04,
       4.95939899e-04, 7.59217109e-04, 3.49855605e-04, 3.71446605e-04,
       8.52150773e-03, 5.11107851e-03, 3.10174407e-04, 1.18536910e-03,
       8.74240061e-04, 5.29028277e-04, 1.12293481e-03, 4.90101227e-03,
       7.67174065e-04, 7.44879649e-04, 6.23420748e-04, 5.66085375e-04,
       3.49855605e-04, 5.08799936e-03, 1.30165160e-03, 5.08233580e-04,
       8.02802210e-04, 5.08799936e-03, 4.58213146e-04, 5.08233610e-04,
       1.18536910e-03, 6.42909745e-04, 3.08746386e-03, 6.39363731e-03]), np.float64(1.0)], [array([1.95426283e-03, 7.76770061e-04, 1.24947628e-03, 1.35268373e-03,
       7.94396228e-04, 7.81138778e-04, 7.81138778e-04, 7.52186735e-04,
       1.81286972e-02, 3.20979080e-03, 5.79783906e-04, 8.16777912e-04,
       4.23035223e-04, 1.65181593e-03, 7.76770061e-04, 1.47126605e-02,
       7.78320567e-04, 7.49591644e-04, 1.14767182e-03, 1.24947628e-03,
       2.51346337e-01, 1.05512610e-03, 1.68603732e-03, 9.19545544e-04,
       5.48872229e-03, 1.57965166e-04, 3.94439258e-03, 1.41786148e-03,
       9.55981115e-04, 4.02980117e-03, 1.32922172e-03, 1.47126605e-02,
       1.81286972e-02, 2.17503145e-03, 1.81286994e-02, 1.81286972e-02,
       7.87666556e-04, 1.04206415e-03, 1.82194166e-03, 1.65181579e-03,
       1.65181593e-03, 9.01390932e-03, 1.45423422e-03, 8.82523075e-04,
       1.81186869e-03, 7.00057379e-04, 6.40479972e-04, 8.82522991e-04,
       1.68603732e-03, 1.36981413e-01, 3.90375945e-03, 2.06008767e-03,
       6.40479972e-04, 6.40479972e-04, 2.79794170e-03, 5.65886047e-03,
       1.34000888e-03, 2.06008767e-03, 1.13470032e-03, 1.19781372e-03,
       2.74348347e-03, 7.94396160e-04, 3.75980419e-03, 5.65886004e-03,
       4.57594332e-04, 4.47579843e-04, 6.23242291e-04, 5.76889223e-04,
       6.11438737e-04, 6.40479972e-04, 1.38420929e-03, 1.03099410e-02,
       1.81186869e-03, 6.47437981e-04, 1.38420939e-03, 9.19545544e-04,
       1.04206415e-03, 1.54385014e-03, 4.57594332e-04, 7.60649003e-04,
       7.87666556e-04, 2.79794128e-03, 5.40906681e-04, 2.79794107e-03,
       1.83015214e-03, 2.74348367e-03, 1.54385001e-03, 2.58273997e-03,
       5.45498156e-04, 6.23242291e-04, 7.60649003e-04, 1.35268353e-03,
       8.82522991e-04, 6.23242291e-04, 6.20257216e-04, 3.82327403e-04,
       6.23242291e-04, 1.15274959e-03, 2.93533764e-03, 2.74348347e-03,
       7.38790758e-04, 4.99106374e-03, 5.91445081e-04, 1.15274959e-03,
       1.57965187e-04, 1.81186869e-03, 2.58274015e-03, 6.20257216e-04,
       5.26225463e-04, 1.13103583e-03, 1.04927460e-03, 1.17266814e-03,
       1.19957944e-03, 2.36309277e-03, 1.07537242e-02, 5.40906744e-04,
       8.60413138e-04, 1.33283310e-03, 8.59346650e-03, 3.82327403e-04,
       1.36981413e-01, 3.38176138e-03, 1.06089079e-03, 9.17552669e-04,
       9.72640172e-03, 6.20257216e-04, 1.04927449e-03, 7.25303125e-04,
       1.06089067e-03, 3.42655386e-04, 7.16904714e-04, 6.96930394e-04,
       8.22943100e-03, 1.25521606e-03, 3.38176107e-03, 6.01863103e-04,
       6.20257216e-04, 3.42655335e-04, 7.16904714e-04, 7.87823040e-04,
       1.05644839e-03, 1.24331092e-03, 2.29154448e-03, 5.80724652e-04,
       8.22943100e-03, 1.57870471e-03, 5.94123704e-03, 1.15072243e-03,
       6.11022792e-04, 1.24331092e-03, 3.94439258e-03, 1.37410269e-03,
       1.28113422e-03, 5.20687741e-04, 7.14728281e-04, 1.37410269e-03,
       7.03842083e-04, 3.38176138e-03, 8.22943100e-03, 1.22255416e-03,
       1.45710033e-02, 7.16904714e-04, 8.60413138e-04, 6.10472627e-03,
       7.16904659e-04, 5.94123704e-03, 7.63487189e-04, 1.22255416e-03,
       7.16904769e-04, 1.28113422e-03, 1.24331092e-03, 4.77112220e-04,
       5.56367994e-04, 8.60413059e-04, 4.08506580e-04, 4.07658937e-04,
       9.72640172e-03, 5.94123704e-03, 3.42655361e-04, 1.31995762e-03,
       9.37936939e-04, 5.94381762e-04, 1.24331100e-03, 5.28964983e-03,
       8.38233624e-04, 9.17552578e-04, 7.16904714e-04, 6.70168556e-04,
       4.08506580e-04, 5.32067595e-03, 1.37410280e-03, 5.57275880e-04,
       9.01653505e-04, 5.32067595e-03, 5.12017404e-04, 5.57275880e-04,
       1.31995762e-03, 7.15815200e-04, 3.45342728e-03, 7.57096897e-03]), np.float64(1.0)], [array([1.26575859e-03, 7.51166919e-04, 1.33780165e-03, 1.28456341e-03,
       8.08314663e-04, 7.69631680e-04, 7.69631680e-04, 7.54596311e-04,
       1.59217766e-02, 3.13322899e-03, 5.98083693e-04, 7.78886086e-04,
       4.34743640e-04, 1.65507768e-03, 7.51166919e-04, 1.27544188e-02,
       8.11679179e-04, 7.59259180e-04, 1.07686433e-03, 1.33780165e-03,
       2.46785422e-01, 1.06958107e-03, 1.67036576e-03, 9.43065095e-04,
       4.89886738e-03, 1.59170069e-04, 3.68031487e-03, 1.51225267e-03,
       9.83864584e-04, 3.90029507e-03, 1.71387809e-03, 1.27544188e-02,
       1.59217749e-02, 2.19068948e-03, 1.59217766e-02, 1.59217766e-02,
       7.64021384e-04, 1.06164688e-03, 1.90872695e-03, 1.65507739e-03,
       1.65507754e-03, 8.23432958e-03, 1.58569880e-03, 8.79791798e-04,
       1.87400483e-03, 7.24664927e-04, 6.45206712e-04, 8.79791714e-04,
       1.67036561e-03, 1.43351674e-01, 4.03630563e-03, 1.93656693e-03,
       6.45206712e-04, 6.45206712e-04, 3.67634819e-03, 5.20631743e-03,
       1.30751813e-03, 1.93656673e-03, 1.26790295e-03, 1.21978963e-03,
       2.77941631e-03, 8.08314592e-04, 3.74845348e-03, 5.20631743e-03,
       4.79216888e-04, 4.21988458e-04, 6.37912009e-04, 5.71513459e-04,
       5.80469102e-04, 6.45206712e-04, 1.38788294e-03, 9.92998173e-03,
       1.87400483e-03, 7.86480711e-04, 1.38788284e-03, 9.43065288e-04,
       1.06164688e-03, 1.43685871e-03, 4.79216888e-04, 7.40387929e-04,
       7.64021320e-04, 3.67634819e-03, 5.28830647e-04, 3.67634819e-03,
       1.76825526e-03, 2.77941610e-03, 1.43685871e-03, 2.51735532e-03,
       5.32118083e-04, 6.37911965e-04, 7.40387869e-04, 1.28456341e-03,
       8.79791798e-04, 6.37912009e-04, 6.44544480e-04, 3.67900246e-04,
       6.37911965e-04, 1.27961390e-03, 2.79791780e-03, 2.77941610e-03,
       7.40800559e-04, 5.04030473e-03, 6.28694452e-04, 1.27961399e-03,
       1.59170080e-04, 1.87400502e-03, 2.51735549e-03, 6.44544389e-04,
       5.07319710e-04, 1.10259098e-03, 1.01089786e-03, 1.18487978e-03,
       1.22816156e-03, 2.12189127e-03, 1.08069732e-02, 5.28830707e-04,
       8.32470661e-04, 1.30371864e-03, 8.36402551e-03, 3.67900246e-04,
       1.43351665e-01, 3.35886417e-03, 1.03072761e-03, 9.70829982e-04,
       9.80161962e-03, 6.44544480e-04, 1.01089775e-03, 7.15859996e-04,
       1.03072761e-03, 3.47794149e-04, 7.14006264e-04, 7.05732580e-04,
       8.74767257e-03, 1.29162876e-03, 3.35886417e-03, 5.77194413e-04,
       6.44544389e-04, 3.47794123e-04, 7.14006320e-04, 7.83663274e-04,
       1.07545688e-03, 1.31740197e-03, 3.03453610e-03, 5.52572989e-04,
       8.74767257e-03, 1.51355869e-03, 6.17096368e-03, 1.16185081e-03,
       6.05655628e-04, 1.31740206e-03, 3.68031451e-03, 2.04877166e-03,
       1.27019683e-03, 5.23335270e-04, 6.97609049e-04, 2.04877166e-03,
       6.61337472e-04, 3.35886387e-03, 8.74767257e-03, 1.23037274e-03,
       1.56413789e-02, 7.14006375e-04, 8.32470661e-04, 6.60954920e-03,
       7.14006264e-04, 6.17096317e-03, 7.53312738e-04, 1.23037274e-03,
       7.14006320e-04, 1.27019683e-03, 1.31740178e-03, 4.88760746e-04,
       5.65770405e-04, 8.32470736e-04, 4.27524673e-04, 4.04110092e-04,
       9.80161962e-03, 6.17096368e-03, 3.47794123e-04, 1.38140512e-03,
       9.16701970e-04, 6.04893940e-04, 1.31740169e-03, 4.94475644e-03,
       8.03108693e-04, 9.70829982e-04, 7.14006264e-04, 6.23104376e-04,
       4.27524673e-04, 4.96339504e-03, 2.04877166e-03, 5.72875865e-04,
       9.41601539e-04, 4.96339504e-03, 5.09579192e-04, 5.72875794e-04,
       1.38140533e-03, 6.93336156e-04, 3.15378019e-03, 7.50805759e-03]), np.float64(0.9999999999999994)], [array([1.18411621e-03, 7.32130891e-04, 1.26463453e-03, 1.19389175e-03,
       7.50298332e-04, 7.24652703e-04, 7.24652703e-04, 7.11632385e-04,
       8.71563122e-03, 2.76639043e-03, 5.78809178e-04, 6.97619933e-04,
       4.07913750e-04, 1.55841377e-03, 7.32130891e-04, 1.15341785e-02,
       7.92772311e-04, 7.44168619e-04, 7.59213872e-04, 1.26463443e-03,
       2.29136485e-01, 1.00105274e-03, 1.55683749e-03, 9.55916934e-04,
       4.85257723e-03, 1.49755343e-04, 3.22922877e-03, 1.56830163e-03,
       9.15879026e-04, 3.72153426e-03, 1.76398126e-03, 1.15341785e-02,
       8.71563122e-03, 1.97274202e-03, 8.71563122e-03, 8.71563122e-03,
       7.00949729e-04, 9.96359295e-04, 1.84195377e-03, 1.55841377e-03,
       1.55841406e-03, 7.87038398e-03, 1.60452883e-03, 8.16961810e-04,
       1.73806862e-03, 6.94412653e-04, 6.04559751e-04, 8.16961732e-04,
       1.55683734e-03, 1.81427929e-01, 4.03517539e-03, 1.80210829e-03,
       6.04559751e-04, 6.04559751e-04, 2.77703097e-03, 4.68726644e-03,
       1.21752959e-03, 1.80210829e-03, 1.03504565e-03, 1.15904376e-03,
       2.67434441e-03, 7.50298332e-04, 3.58136593e-03, 4.68726644e-03,
       4.56872582e-04, 3.72583645e-04, 6.19928397e-04, 5.43049527e-04,
       5.38044930e-04, 6.04559751e-04, 1.29915329e-03, 8.59753209e-03,
       1.73806862e-03, 6.98848654e-04, 1.29915329e-03, 9.55917041e-04,
       9.96359295e-04, 1.42946075e-03, 4.56872582e-04, 7.70885999e-04,
       7.00949786e-04, 2.77703097e-03, 4.93768060e-04, 2.77703052e-03,
       1.65048081e-03, 2.67434441e-03, 1.42946075e-03, 2.25040348e-03,
       5.10583648e-04, 6.19928306e-04, 7.70885929e-04, 1.19389175e-03,
       8.16961810e-04, 6.19928306e-04, 5.62976890e-04, 3.54879772e-04,
       6.19928351e-04, 1.27512596e-03, 2.87642038e-03, 2.67434441e-03,
       7.29955829e-04, 4.76084981e-03, 6.06932313e-04, 1.27512615e-03,
       1.49755343e-04, 1.73806862e-03, 2.25040363e-03, 5.62976965e-04,
       4.85157728e-04, 1.09683267e-03, 9.92848277e-04, 1.10498824e-03,
       1.15969113e-03, 1.37132294e-03, 1.02211984e-02, 4.93768118e-04,
       7.06156387e-04, 1.19873992e-03, 7.64339027e-03, 3.54879772e-04,
       1.81427929e-01, 3.04580282e-03, 1.06200188e-03, 9.78325093e-04,
       8.96607548e-03, 5.62976965e-04, 9.92848393e-04, 6.44033818e-04,
       1.06200188e-03, 3.13631478e-04, 6.84071235e-04, 6.77297670e-04,
       8.99023086e-03, 1.16257800e-03, 3.04580255e-03, 5.46410141e-04,
       5.62976965e-04, 3.13631455e-04, 6.84071290e-04, 8.70894904e-04,
       1.01913307e-03, 1.26825194e-03, 2.72932493e-03, 5.04269444e-04,
       8.99023026e-03, 1.48988132e-03, 5.63452900e-03, 1.02174563e-03,
       5.69098068e-04, 1.26825185e-03, 3.22922877e-03, 1.73628756e-03,
       1.17755020e-03, 5.19154717e-04, 6.54591288e-04, 1.73628756e-03,
       6.13087740e-04, 3.04580282e-03, 8.99023026e-03, 1.18766827e-03,
       1.55571206e-02, 6.84071345e-04, 7.06156446e-04, 5.34073701e-03,
       6.84071290e-04, 5.63452900e-03, 7.07108149e-04, 1.18766827e-03,
       6.84071235e-04, 1.17755020e-03, 1.26825185e-03, 4.58244928e-04,
       5.23879349e-04, 7.06156446e-04, 4.12149801e-04, 3.87470494e-04,
       8.96607548e-03, 5.63452900e-03, 3.13631455e-04, 1.26883859e-03,
       8.42550481e-04, 5.73346198e-04, 1.26825185e-03, 3.22633914e-03,
       7.57522637e-04, 9.78325093e-04, 6.84071180e-04, 6.27598317e-04,
       4.12149801e-04, 4.23870407e-03, 1.73628756e-03, 5.39813245e-04,
       8.22063961e-04, 4.23870407e-03, 4.81699439e-04, 5.39813348e-04,
       1.26883859e-03, 6.66369339e-04, 3.12759908e-03, 7.21210090e-03]), np.float64(1.0)], [array([1.05850373e-03, 6.33912300e-04, 1.11764407e-03, 1.10306233e-03,
       6.75684066e-04, 6.39569822e-04, 6.39569876e-04, 6.34198843e-04,
       9.90953443e-03, 2.40130702e-03, 5.03352437e-04, 6.25280528e-04,
       3.64240596e-04, 1.38348423e-03, 6.33912300e-04, 9.15353989e-03,
       7.29167016e-04, 6.99359480e-04, 6.68550497e-04, 1.11764407e-03,
       2.04972828e-01, 9.22238117e-04, 1.38145043e-03, 9.30380248e-04,
       4.57693509e-03, 1.36206499e-04, 2.73146792e-03, 1.41688261e-03,
       7.81710714e-04, 3.44817709e-03, 1.76861370e-03, 9.15353989e-03,
       9.90953362e-03, 1.76495149e-03, 9.90953443e-03, 9.90953362e-03,
       6.61026325e-04, 8.99294148e-04, 1.67315897e-03, 1.38348423e-03,
       1.38348423e-03, 7.18862234e-03, 1.49532332e-03, 7.51324113e-04,
       1.54568824e-03, 6.57216745e-04, 5.34163164e-04, 7.51324188e-04,
       1.38145018e-03, 2.10510743e-01, 4.03599417e-03, 1.64538947e-03,
       5.34163164e-04, 5.34163164e-04, 2.11486930e-03, 4.25197770e-03,
       1.08054754e-03, 1.64538947e-03, 9.96478706e-04, 1.01533280e-03,
       2.41241133e-03, 6.75684126e-04, 3.43955056e-03, 4.25197770e-03,
       4.68717960e-04, 3.45789626e-04, 5.64620811e-04, 4.91020741e-04,
       4.76024254e-04, 5.34163164e-04, 1.14744771e-03, 6.23677215e-03,
       1.54568840e-03, 4.54948879e-04, 1.14744771e-03, 9.30380306e-04,
       8.99294148e-04, 1.35307538e-03, 4.68718018e-04, 7.01982798e-04,
       6.61026325e-04, 2.11486930e-03, 4.40310397e-04, 2.11486930e-03,
       1.50552495e-03, 2.41241133e-03, 1.35307550e-03, 1.97681836e-03,
       5.10862590e-04, 5.64620811e-04, 7.01982864e-04, 1.10306241e-03,
       7.51323963e-04, 5.64620811e-04, 4.91201487e-04, 3.05045772e-04,
       5.64620769e-04, 1.09863456e-03, 3.53937304e-03, 2.41241133e-03,
       6.25400573e-04, 4.51879211e-03, 5.52322795e-04, 1.09863456e-03,
       1.36206479e-04, 1.54568856e-03, 1.97681823e-03, 4.91201455e-04,
       4.51823102e-04, 9.80998592e-04, 8.77915930e-04, 9.91881140e-04,
       1.05021350e-03, 1.18944139e-03, 9.60572883e-03, 4.40310397e-04,
       6.13410639e-04, 1.02703159e-03, 6.91352820e-03, 3.05045772e-04,
       2.10510743e-01, 2.73875488e-03, 9.24244778e-04, 8.79666701e-04,
       8.16931797e-03, 4.91201455e-04, 8.77915930e-04, 5.55458779e-04,
       9.24244665e-04, 2.91447284e-04, 6.41851996e-04, 6.07219133e-04,
       8.19231430e-03, 8.74305786e-04, 2.73875463e-03, 3.92013347e-04,
       4.91201455e-04, 2.91447329e-04, 6.41851941e-04, 5.38754554e-04,
       8.80765694e-04, 1.18218740e-03, 2.20894192e-03, 4.38736264e-04,
       8.19231430e-03, 1.34782130e-03, 5.21516688e-03, 9.48081508e-04,
       4.89140562e-04, 1.18218740e-03, 2.73146792e-03, 1.69388891e-03,
       1.02426838e-03, 4.95006664e-04, 5.86275125e-04, 1.69388853e-03,
       5.36275674e-04, 2.73875488e-03, 8.19231430e-03, 9.99051269e-04,
       1.41841771e-02, 6.41851886e-04, 6.13410639e-04, 4.17447152e-03,
       6.41851941e-04, 5.21516688e-03, 6.23566311e-04, 9.99051269e-04,
       6.41851941e-04, 1.02426838e-03, 1.18218731e-03, 4.84837243e-04,
       4.68629473e-04, 6.13410639e-04, 3.66995298e-04, 3.50811167e-04,
       8.16931797e-03, 5.21516688e-03, 2.91447307e-04, 1.11500814e-03,
       7.80557362e-04, 4.84599871e-04, 1.18218731e-03, 3.79480053e-03,
       7.70803426e-04, 8.79666701e-04, 6.41852050e-04, 6.04304250e-04,
       3.66995226e-04, 3.86518962e-03, 1.69388853e-03, 5.07548777e-04,
       7.48805982e-04, 3.86518962e-03, 4.24330961e-04, 5.07548777e-04,
       1.11500814e-03, 5.93289683e-04, 2.76722873e-03, 6.63859585e-03]), np.float64(1.0)], [array([1.13897477e-03, 6.25778306e-04, 1.18572257e-03, 1.09598649e-03,
       6.53792479e-04, 6.56101279e-04, 6.56101222e-04, 6.39028014e-04,
       1.60559253e-02, 2.34799148e-03, 5.16768121e-04, 6.34383154e-04,
       3.67797577e-04, 1.46831250e-03, 6.25778306e-04, 8.62522950e-03,
       8.12261897e-04, 7.01349372e-04, 6.78034995e-04, 1.18572247e-03,
       1.99956349e-01, 9.11282320e-04, 1.39770561e-03, 9.88844950e-04,
       4.47250963e-03, 1.38304234e-04, 2.69739744e-03, 1.43037466e-03,
       7.64123775e-04, 3.63576337e-03, 1.79001584e-03, 8.62522950e-03,
       1.60559253e-02, 1.80872409e-03, 1.60559253e-02, 1.60559253e-02,
       6.28939237e-04, 8.88635825e-04, 1.65634280e-03, 1.46831250e-03,
       1.46831250e-03, 7.46568605e-03, 1.58659964e-03, 8.06002937e-04,
       1.58326386e-03, 6.62116716e-04, 5.42055189e-04, 8.06002937e-04,
       1.39770548e-03, 1.98566686e-01, 4.16030295e-03, 1.63194165e-03,
       5.42055189e-04, 5.42055189e-04, 2.12038763e-03, 3.97716615e-03,
       1.08710185e-03, 1.63194183e-03, 8.86754034e-04, 9.84806374e-04,
       2.45255509e-03, 6.53792479e-04, 3.58989023e-03, 3.97716615e-03,
       4.34918128e-04, 3.43018836e-04, 5.78935387e-04, 4.88049554e-04,
       4.88098748e-04, 5.42055189e-04, 1.05850712e-03, 6.78900861e-03,
       1.58326403e-03, 6.01608138e-04, 1.05850712e-03, 9.88845015e-04,
       8.88635720e-04, 1.38655170e-03, 4.34918128e-04, 6.92428168e-04,
       6.28939131e-04, 2.12038763e-03, 4.26425272e-04, 2.12038763e-03,
       1.63749851e-03, 2.45255509e-03, 1.38655170e-03, 2.02794587e-03,
       4.34866440e-04, 5.78935298e-04, 6.92428104e-04, 1.09598657e-03,
       8.06002937e-04, 5.78935387e-04, 4.82856904e-04, 2.93982007e-04,
       5.78935387e-04, 1.10671100e-03, 4.28948238e-03, 2.45255489e-03,
       6.44929037e-04, 4.23040895e-03, 5.65646897e-04, 1.10671117e-03,
       1.38304245e-04, 1.58326386e-03, 2.02794587e-03, 4.82856904e-04,
       4.89519413e-04, 1.01606137e-03, 1.00686071e-03, 9.86698934e-04,
       1.03868186e-03, 1.18917898e-03, 9.27937293e-03, 4.26425272e-04,
       6.13368846e-04, 1.00678887e-03, 6.73038360e-03, 2.93982030e-04,
       1.98566686e-01, 2.74319080e-03, 8.61900915e-04, 9.01384023e-04,
       7.76913736e-03, 4.82856935e-04, 1.00686071e-03, 5.64279690e-04,
       8.61900816e-04, 2.78064402e-04, 6.70858223e-04, 6.79720211e-04,
       8.51722835e-03, 8.88489789e-04, 2.74319055e-03, 5.46525677e-04,
       4.82856935e-04, 2.78064422e-04, 6.70858223e-04, 5.52006050e-04,
       8.59827555e-04, 1.19991256e-03, 2.30944830e-03, 4.46722221e-04,
       8.51722775e-03, 1.59502847e-03, 5.58609557e-03, 9.53265850e-04,
       4.52738951e-04, 1.19991266e-03, 2.69739744e-03, 1.81564237e-03,
       1.03592382e-03, 5.04879265e-04, 5.96023931e-04, 1.81564237e-03,
       5.30516951e-04, 2.74319055e-03, 8.51722835e-03, 1.04506578e-03,
       1.46540593e-02, 6.70858284e-04, 6.13368846e-04, 3.34433367e-03,
       6.70858223e-04, 5.58609557e-03, 6.12447073e-04, 1.04506578e-03,
       6.70858223e-04, 1.03592396e-03, 1.19991256e-03, 6.68716793e-04,
       4.76035517e-04, 6.13368846e-04, 3.77896805e-04, 3.47745551e-04,
       7.76913635e-03, 5.58609505e-03, 2.78064402e-04, 1.11559801e-03,
       7.75790846e-04, 5.23481659e-04, 1.19991246e-03, 3.74489317e-03,
       7.75712560e-04, 9.01384023e-04, 6.70858223e-04, 5.89286724e-04,
       3.77896805e-04, 4.28250071e-03, 1.81564237e-03, 5.30530098e-04,
       7.76604449e-04, 4.28250071e-03, 4.02139117e-04, 5.30530060e-04,
       1.11559818e-03, 5.21329569e-04, 2.88717871e-03, 6.84491434e-03]), np.float64(0.9999999999999996)], [array([1.29272636e-03, 6.59686839e-04, 1.36640930e-03, 1.22928107e-03,
       7.28321953e-04, 7.13264947e-04, 7.13264883e-04, 6.98164865e-04,
       1.35801136e-02, 2.59703732e-03, 6.04409843e-04, 6.83410968e-04,
       4.22358569e-04, 1.58380117e-03, 6.59686839e-04, 9.20398787e-03,
       9.26154618e-04, 7.96894549e-04, 7.67295694e-04, 1.36640930e-03,
       2.06194818e-01, 9.87599471e-04, 1.58111918e-03, 1.10094694e-03,
       4.82384242e-03, 1.50044284e-04, 2.41980040e-03, 1.56958442e-03,
       8.14262039e-04, 3.84014636e-03, 1.90122669e-03, 9.20398787e-03,
       1.35801150e-02, 1.93530961e-03, 1.35801136e-02, 1.35801136e-02,
       7.47475829e-04, 9.84799461e-04, 1.95616219e-03, 1.58380102e-03,
       1.58380117e-03, 8.38118630e-03, 1.69817950e-03, 8.73384380e-04,
       1.70819999e-03, 7.10233526e-04, 5.91589026e-04, 8.73384285e-04,
       1.58111918e-03, 1.73912504e-01, 4.57845721e-03, 1.77340649e-03,
       5.91589026e-04, 5.91589026e-04, 2.39240931e-03, 4.38594031e-03,
       1.16124177e-03, 1.77340649e-03, 1.05130272e-03, 1.11522513e-03,
       2.68509754e-03, 7.28321953e-04, 4.10312149e-03, 4.38594031e-03,
       4.97121791e-04, 3.92912348e-04, 6.24783191e-04, 5.10900977e-04,
       5.16638347e-04, 5.91589026e-04, 1.09650818e-03, 6.89098085e-03,
       1.70819999e-03, 9.27054899e-04, 1.09650810e-03, 1.10094694e-03,
       9.84799461e-04, 1.50747253e-03, 4.97121791e-04, 7.91664549e-04,
       7.47475760e-04, 2.39240913e-03, 4.68283478e-04, 2.39240931e-03,
       1.65022311e-03, 2.68509731e-03, 1.50747267e-03, 2.26593870e-03,
       4.51250270e-04, 6.24783191e-04, 7.91664549e-04, 1.22928107e-03,
       8.73384285e-04, 6.24783240e-04, 5.24558645e-04, 3.15016715e-04,
       6.24783191e-04, 1.17878026e-03, 5.83216834e-03, 2.68509776e-03,
       6.84505907e-04, 4.48400638e-03, 6.25001678e-04, 1.17878026e-03,
       1.50044284e-04, 1.70820017e-03, 2.26593870e-03, 5.24558645e-04,
       5.32817671e-04, 1.06749484e-03, 1.11760070e-03, 1.09803875e-03,
       1.12138895e-03, 1.39879867e-03, 1.00790535e-02, 4.68283533e-04,
       7.33322269e-04, 1.08588561e-03, 7.59986228e-03, 3.15016740e-04,
       1.73912504e-01, 2.92136585e-03, 8.99453953e-04, 8.79761624e-04,
       1.81128070e-02, 5.24558645e-04, 1.11760070e-03, 5.98638963e-04,
       8.99453852e-04, 2.95579967e-04, 7.22164398e-04, 7.29625428e-04,
       9.12415813e-03, 1.22381657e-03, 2.92136532e-03, 6.11969621e-04,
       5.24558645e-04, 2.95579945e-04, 7.22164268e-04, 5.73304467e-04,
       9.26215081e-04, 1.34156247e-03, 2.24640436e-03, 4.88942794e-04,
       9.12416007e-03, 1.83792641e-03, 6.13974432e-03, 1.00830161e-03,
       5.04603116e-04, 1.34156247e-03, 2.41980040e-03, 1.92455016e-03,
       1.08964735e-03, 5.61882284e-04, 6.58288398e-04, 1.92455016e-03,
       6.18237517e-04, 2.92136532e-03, 9.12416007e-03, 1.21140522e-03,
       1.68398850e-02, 7.22164398e-04, 7.33322336e-04, 4.70277163e-03,
       7.22164398e-04, 6.13974432e-03, 6.49702687e-04, 1.21140522e-03,
       7.22164333e-04, 1.08964735e-03, 1.34156258e-03, 7.27338061e-04,
       5.03788322e-04, 7.33322336e-04, 4.17606687e-04, 3.72308896e-04,
       1.81128070e-02, 6.13974432e-03, 2.95579945e-04, 1.19102079e-03,
       8.50678471e-04, 5.66585057e-04, 1.34156247e-03, 5.21009936e-03,
       8.57415508e-04, 8.79761624e-04, 7.22164463e-04, 6.45158642e-04,
       4.17606730e-04, 4.77226987e-03, 1.92455016e-03, 6.03835749e-04,
       8.63021699e-04, 4.77226987e-03, 4.31366969e-04, 6.03835704e-04,
       1.19102079e-03, 5.61023761e-04, 3.05290894e-03, 7.14383016e-03]), np.float64(1.0)], [array([1.28067071e-03, 6.85045830e-04, 1.41633248e-03, 1.32911612e-03,
       7.19804242e-04, 7.27832640e-04, 7.27832640e-04, 7.03029324e-04,
       1.31903489e-02, 2.75743187e-03, 6.29836978e-04, 7.03364077e-04,
       4.16688183e-04, 1.63180408e-03, 6.85045830e-04, 1.31594029e-02,
       1.01050383e-03, 8.52217212e-04, 7.65840912e-04, 1.41633236e-03,
       2.01971874e-01, 1.03725925e-03, 1.72312405e-03, 1.16786402e-03,
       4.83403524e-03, 1.56251717e-04, 2.54321604e-03, 1.58675839e-03,
       8.57391590e-04, 4.01305623e-03, 2.02133164e-03, 1.31594029e-02,
       1.31903489e-02, 1.93027468e-03, 1.31903489e-02, 1.31903489e-02,
       7.89486827e-04, 9.28580601e-04, 2.08177347e-03, 1.63180392e-03,
       1.63180392e-03, 7.55107320e-03, 1.96350330e-03, 9.33645742e-04,
       1.76219038e-03, 7.27558281e-04, 6.35938222e-04, 9.33645849e-04,
       1.72312405e-03, 1.74741950e-01, 3.79078134e-03, 1.81742151e-03,
       6.35938172e-04, 6.35938172e-04, 2.52395399e-03, 4.61625625e-03,
       1.21655427e-03, 1.81742151e-03, 1.00969501e-03, 1.19782180e-03,
       2.84496076e-03, 7.19804178e-04, 4.52357988e-03, 4.61625625e-03,
       5.49977707e-04, 4.09478244e-04, 6.48521957e-04, 5.48526798e-04,
       5.27602647e-04, 6.35938172e-04, 1.13952952e-03, 6.49698271e-03,
       1.76219038e-03, 6.45218194e-04, 1.13952952e-03, 1.16786394e-03,
       9.28580601e-04, 1.59430919e-03, 5.49977707e-04, 8.30512918e-04,
       7.89486903e-04, 2.52395380e-03, 4.79487592e-04, 2.52395399e-03,
       1.72277954e-03, 2.84496076e-03, 1.59430903e-03, 2.34090910e-03,
       4.76948725e-04, 6.48521906e-04, 8.30512918e-04, 1.32911612e-03,
       9.33645955e-04, 6.48521957e-04, 5.59035446e-04, 3.19689699e-04,
       6.48521906e-04, 1.25681334e-03, 5.47192224e-03, 2.84496076e-03,
       7.39465825e-04, 4.63047580e-03, 6.64875740e-04, 1.25681324e-03,
       1.56251729e-04, 1.76219038e-03, 2.34090910e-03, 5.59035408e-04,
       5.49307022e-04, 1.14624109e-03, 1.26160112e-03, 1.16369675e-03,
       1.13912162e-03, 1.48769330e-03, 1.03619160e-02, 4.79487648e-04,
       7.79225611e-04, 1.09718643e-03, 8.19578241e-03, 3.19689699e-04,
       1.74741950e-01, 3.03678158e-03, 9.78311881e-04, 9.09413226e-04,
       1.19802710e-02, 5.59035523e-04, 1.26160112e-03, 5.84516838e-04,
       9.78311939e-04, 2.93172804e-04, 7.47852736e-04, 8.02831582e-04,
       8.98584686e-03, 1.67201386e-03, 3.03678129e-03, 6.39107572e-04,
       5.59035485e-04, 2.93172804e-04, 7.47852736e-04, 5.83171848e-04,
       1.01258152e-03, 1.38429679e-03, 2.07743273e-03, 5.02543372e-04,
       8.98584686e-03, 1.89626452e-03, 6.05119703e-03, 1.05885928e-03,
       5.64022689e-04, 1.38429703e-03, 2.54321604e-03, 2.03057412e-03,
       1.13150936e-03, 5.70530096e-04, 6.70410642e-04, 2.03057400e-03,
       6.49563397e-04, 3.03678129e-03, 8.98584686e-03, 1.27211772e-03,
       1.67078017e-02, 7.47852736e-04, 7.79225611e-04, 5.22742567e-03,
       7.47852736e-04, 6.05119703e-03, 6.69621760e-04, 1.27211772e-03,
       7.47852736e-04, 1.13150936e-03, 1.38429667e-03, 7.56976743e-04,
       5.00981127e-04, 7.79225537e-04, 4.25165395e-04, 4.00910976e-04,
       1.19802710e-02, 6.05119703e-03, 2.93172804e-04, 1.22045523e-03,
       8.78555877e-04, 5.78575384e-04, 1.38429703e-03, 5.39791795e-03,
       8.51136243e-04, 9.09413226e-04, 7.47852668e-04, 6.67314372e-04,
       4.25165439e-04, 4.50096140e-03, 2.03057412e-03, 6.51294736e-04,
       9.22789503e-04, 4.50096140e-03, 4.44767661e-04, 6.51294788e-04,
       1.22045513e-03, 5.92127975e-04, 3.62980425e-03, 8.07254742e-03]), np.float64(1.0000000000000007)]]
