[[array([0.02062155, 0.01826073, 0.02345005, 0.02070455, 0.01945517,
       0.02181592, 0.02181592, 0.01782989, 0.01764881, 0.01917176,
       0.01819386, 0.01835424, 0.01918654, 0.01781241, 0.01826073,
       0.02810944, 0.01981709, 0.01734338, 0.01948029, 0.02345004,
       0.01918537, 0.01988388, 0.01790651, 0.01979549, 0.01896362,
       0.02958507, 0.01845251, 0.01816715, 0.01924399, 0.02025698,
       0.02768962, 0.02810944, 0.01764881, 0.02015377, 0.01764881,
       0.01764881, 0.01730554, 0.0243719 , 0.01789106, 0.0178124 ,
       0.0178124 , 0.01826535, 0.02083522, 0.02022371, 0.02197651,
       0.01879168, 0.01746282, 0.02022372, 0.01790651, 0.01799899]), np.float64(1.0)], [array([0.0272656 , 0.01773167, 0.01851406, 0.02043936, 0.02002212,
       0.01834585, 0.01834585, 0.01498959, 0.01480419, 0.02534661,
       0.01289735, 0.03699301, 0.01913475, 0.01528413, 0.01773167,
       0.02682183, 0.02870625, 0.02127944, 0.0186577 , 0.01851406,
       0.01451389, 0.0148602 , 0.01926349, 0.01683906, 0.02235587,
       0.03829019, 0.02342923, 0.01303418, 0.01874473, 0.02510964,
       0.02388264, 0.02682183, 0.01480419, 0.01781822, 0.01480418,
       0.01480419, 0.01443577, 0.01853879, 0.02074333, 0.01528413,
       0.01528413, 0.01997535, 0.02975997, 0.01526503, 0.03790912,
       0.01456544, 0.0193359 , 0.01526503, 0.0192635 , 0.01317372]), np.float64(1.0000000000000002)], [array([0.02434973, 0.01787177, 0.01833542, 0.02018052, 0.01926814,
       0.01802825, 0.01802825, 0.01182649, 0.01172149, 0.02773037,
       0.01164712, 0.04319317, 0.01800067, 0.01207472, 0.01787177,
       0.02568254, 0.02957617, 0.01921777, 0.01753314, 0.01833542,
       0.01286863, 0.01838732, 0.01761708, 0.01799085, 0.02818528,
       0.0403954 , 0.0276126 , 0.01217903, 0.01814464, 0.03058215,
       0.03433606, 0.02568254, 0.01172149, 0.01919173, 0.01172149,
       0.01172149, 0.01251092, 0.0212077 , 0.01877401, 0.01207472,
       0.01207472, 0.0181428 , 0.02379368, 0.0189334 , 0.04353801,
       0.01336329, 0.01851341, 0.0189334 , 0.01761708, 0.01171217]), np.float64(1.0000000000000002)], [array([0.02250765, 0.02018618, 0.01591855, 0.02012246, 0.01929011,
       0.01862689, 0.01862689, 0.01181761, 0.01233404, 0.02452421,
       0.01122917, 0.03718251, 0.01638308, 0.01296265, 0.02018618,
       0.02403946, 0.02852338, 0.02318176, 0.01593981, 0.01591855,
       0.01768622, 0.01846473, 0.01903081, 0.01829902, 0.02999773,
       0.0327768 , 0.02680976, 0.01166546, 0.01640436, 0.03429276,
       0.03517714, 0.02403946, 0.01233404, 0.02015247, 0.01233404,
       0.01233404, 0.01474375, 0.01758354, 0.0205744 , 0.01296265,
       0.01296265, 0.0199814 , 0.0205204 , 0.01893215, 0.04587569,
       0.01297454, 0.02251532, 0.01893215, 0.01903081, 0.01111054]), np.float64(1.0000000000000004)], [array([0.02575758, 0.02192176, 0.01354564, 0.02240685, 0.02210246,
       0.02113876, 0.02113876, 0.01020763, 0.01172838, 0.02441875,
       0.00888101, 0.03288885, 0.01301987, 0.01236689, 0.02192176,
       0.02336693, 0.03532624, 0.02222338, 0.01290014, 0.01354564,
       0.02320043, 0.01801869, 0.01901965, 0.01976579, 0.03604559,
       0.02053411, 0.02898072, 0.00971151, 0.01451458, 0.03879595,
       0.03873969, 0.02336693, 0.01172838, 0.02234914, 0.01172838,
       0.01172838, 0.01113997, 0.01400968, 0.02229486, 0.01236689,
       0.01236689, 0.02060368, 0.01579169, 0.01844863, 0.05228572,
       0.01128973, 0.02380445, 0.01844864, 0.01901965, 0.00909433]), np.float64(1.0000000000000002)], [array([0.03233559, 0.02392555, 0.01547931, 0.02273937, 0.02689432,
       0.01794711, 0.01794711, 0.00834889, 0.01158322, 0.03994208,
       0.0065715 , 0.01646053, 0.00583592, 0.01173629, 0.02392555,
       0.02745079, 0.03596953, 0.02818297, 0.00790524, 0.01547931,
       0.01864232, 0.01342932, 0.02049111, 0.0230809 , 0.039658  ,
       0.00657408, 0.03187616, 0.00735284, 0.00864299, 0.04225306,
       0.04593566, 0.02745079, 0.01158322, 0.02509224, 0.01158322,
       0.01158322, 0.0073163 , 0.01238556, 0.02635272, 0.01173629,
       0.01173629, 0.02553263, 0.01294966, 0.01897491, 0.04560508,
       0.00825738, 0.03042046, 0.01897491, 0.02049111, 0.00737744]), np.float64(1.0)], [array([0.02461143, 0.02078884, 0.01818071, 0.02589158, 0.03958091,
       0.01097483, 0.01097483, 0.00597035, 0.01112746, 0.03442838,
       0.00446184, 0.00769661, 0.00254631, 0.0137441 , 0.02078884,
       0.0291939 , 0.02899425, 0.04325259, 0.00380655, 0.01818071,
       0.02468255, 0.00739248, 0.02094304, 0.03588715, 0.0392746 ,
       0.00223243, 0.04556641, 0.00446354, 0.00377127, 0.03337622,
       0.05566221, 0.0291939 , 0.01112746, 0.03063048, 0.01112746,
       0.01112746, 0.00570448, 0.00985784, 0.03310296, 0.0137441 ,
       0.0137441 , 0.03394527, 0.00930551, 0.01679935, 0.03154016,
       0.00515108, 0.04214566, 0.01679935, 0.02094304, 0.00556342]), np.float64(1.0)], [array([0.01767829, 0.01526004, 0.0207997 , 0.02071344, 0.04718155,
       0.00620106, 0.00620106, 0.00411583, 0.01667202, 0.02619874,
       0.00300079, 0.00655017, 0.00139429, 0.01153513, 0.01526004,
       0.02238465, 0.02101807, 0.0819942 , 0.00243365, 0.02079969,
       0.04054071, 0.00415489, 0.01764179, 0.04605357, 0.02256245,
       0.00118217, 0.0528419 , 0.00282375, 0.00212258, 0.01725984,
       0.06489398, 0.02238465, 0.01667202, 0.04259489, 0.01667202,
       0.01667202, 0.00714935, 0.01011567, 0.03360969, 0.01153513,
       0.01153513, 0.01871359, 0.00560796, 0.02059171, 0.0291352 ,
       0.00313422, 0.05093997, 0.02059171, 0.01764179, 0.00523326]), np.float64(0.9999999999999993)], [array([0.01648814, 0.01316457, 0.0204562 , 0.01778159, 0.0432416 ,
       0.0054196 , 0.0054196 , 0.00328705, 0.01149487, 0.0204296 ,
       0.0020777 , 0.00605426, 0.00111656, 0.01152999, 0.01316457,
       0.0181364 , 0.01755898, 0.12590435, 0.00194811, 0.0204562 ,
       0.05959873, 0.00348466, 0.01478474, 0.03234968, 0.01912345,
       0.00093888, 0.06225623, 0.00220818, 0.00169883, 0.0117615 ,
       0.04608903, 0.0181364 , 0.01149487, 0.0574826 , 0.01149487,
       0.01149487, 0.02038349, 0.00765869, 0.0331807 , 0.01153   ,
       0.01153   , 0.01625038, 0.00563011, 0.02450144, 0.02604105,
       0.00269135, 0.05701135, 0.02450145, 0.01478474, 0.00477778]), np.float64(0.9999999999999999)], [array([0.01649837, 0.0117045 , 0.02064001, 0.01395833, 0.04987514,
       0.00390081, 0.00390081, 0.00287781, 0.0129484 , 0.01933878,
       0.00177204, 0.0079954 , 0.00093531, 0.00893247, 0.0117045 ,
       0.01546589, 0.01723913, 0.15138658, 0.00165701, 0.02064001,
       0.0657356 , 0.00301844, 0.01297762, 0.02832114, 0.0156272 ,
       0.00079633, 0.05918809, 0.0018469 , 0.00141505, 0.00803369,
       0.04240153, 0.01546589, 0.0129484 , 0.05708252, 0.0129484 ,
       0.0129484 , 0.01296331, 0.00857592, 0.02944576, 0.00893247,
       0.00893247, 0.01454729, 0.00548656, 0.03105313, 0.02335903,
       0.00227793, 0.06192527, 0.03105313, 0.01297762, 0.00434357]), np.float64(1.0)], [array([0.01369701, 0.01019892, 0.01910129, 0.01322646, 0.03944512,
       0.00339061, 0.00339061, 0.00246931, 0.00916477, 0.01882129,
       0.00146672, 0.00756126, 0.00075829, 0.00924856, 0.01019892,
       0.01323919, 0.0150255 , 0.16816429, 0.00140131, 0.01910129,
       0.07231883, 0.00257623, 0.01423857, 0.02608846, 0.01791872,
       0.00067275, 0.06386988, 0.00159202, 0.00122112, 0.00974324,
       0.04166028, 0.01323919, 0.00916477, 0.06170914, 0.00916477,
       0.00916477, 0.01695626, 0.00734635, 0.02685927, 0.00924856,
       0.00924856, 0.01243578, 0.00474693, 0.03664018, 0.01799605,
       0.00188204, 0.06849666, 0.03664018, 0.01423857, 0.00385111]), np.float64(1.0000000000000004)], [array([0.01309058, 0.00877432, 0.01322364, 0.01027895, 0.07024589,
       0.00267692, 0.00267692, 0.0020778 , 0.01496661, 0.01998879,
       0.00138453, 0.00557502, 0.00063922, 0.00703447, 0.00877432,
       0.01239206, 0.01536382, 0.16914374, 0.00114941, 0.01322364,
       0.07032677, 0.00214969, 0.01360806, 0.02429381, 0.01537018,
       0.00055042, 0.06326089, 0.00152646, 0.00102341, 0.00725368,
       0.03204008, 0.01239206, 0.01496661, 0.04390085, 0.01496661,
       0.01496661, 0.02454519, 0.00798937, 0.02397416, 0.00703447,
       0.00703447, 0.0104407 , 0.00479336, 0.03818243, 0.01836935,
       0.00148189, 0.07606835, 0.03818243, 0.01360806, 0.00301888]), np.float64(1.0000000000000004)], [array([0.01137219, 0.0086423 , 0.01450571, 0.00960558, 0.06615753,
       0.00274073, 0.00274073, 0.00192308, 0.01149431, 0.0184104 ,
       0.00121624, 0.0054738 , 0.00059226, 0.00690345, 0.0086423 ,
       0.01137801, 0.01490408, 0.16308827, 0.00107891, 0.01450572,
       0.07409421, 0.00202185, 0.0187788 , 0.0242302 , 0.01409172,
       0.00050335, 0.06331771, 0.00128129, 0.00094418, 0.00700266,
       0.02949112, 0.01137801, 0.01149431, 0.05171128, 0.01149431,
       0.01149431, 0.02641859, 0.00780937, 0.02107359, 0.00690345,
       0.00690345, 0.00893626, 0.00450232, 0.04054358, 0.01576916,
       0.00136478, 0.08882646, 0.04054358, 0.0187788 , 0.00292171]), np.float64(1.0000000000000004)], [array([0.01164424, 0.00821476, 0.01221387, 0.00832588, 0.05777942,
       0.00205937, 0.00205937, 0.00174412, 0.01434509, 0.01878294,
       0.00119895, 0.00534477, 0.00053325, 0.00624854, 0.00821476,
       0.01059069, 0.01413572, 0.17891123, 0.00098149, 0.01221387,
       0.07225316, 0.0018379 , 0.01919749, 0.02256418, 0.01275988,
       0.00044912, 0.05793012, 0.00129021, 0.00086438, 0.00648085,
       0.02570132, 0.01059069, 0.01434509, 0.05149965, 0.01434509,
       0.01434509, 0.02520075, 0.00773226, 0.01892121, 0.00624854,
       0.00624854, 0.00819848, 0.00415436, 0.04122983, 0.01425229,
       0.00122794, 0.10148744, 0.04122983, 0.01919749, 0.00267451]), np.float64(1.0000000000000002)], [array([0.01172838, 0.00814361, 0.01142083, 0.00764936, 0.06022427,
       0.00194907, 0.00194907, 0.00170647, 0.00825925, 0.02181314,
       0.00116861, 0.00596895, 0.00053241, 0.005995  , 0.00814361,
       0.01059445, 0.0152892 , 0.1920598 , 0.00096443, 0.01142083,
       0.07517205, 0.00181845, 0.02085319, 0.02388611, 0.01353125,
       0.00044302, 0.0501672 , 0.00136996, 0.00085009, 0.00634765,
       0.02884422, 0.01059445, 0.00825925, 0.04278783, 0.00825925,
       0.00825925, 0.02019894, 0.00807442, 0.01973736, 0.005995  ,
       0.005995  , 0.00818667, 0.00402392, 0.04217373, 0.01358007,
       0.00119875, 0.11672925, 0.04217373, 0.02085319, 0.00265603]), np.float64(1.0)], [array([0.01301442, 0.0083827 , 0.01383978, 0.0081978 , 0.05132082,
       0.00192712, 0.00192712, 0.00166117, 0.00197661, 0.02423846,
       0.0008899 , 0.0056859 , 0.00052706, 0.00589637, 0.0083827 ,
       0.01153527, 0.01543473, 0.19771728, 0.00096638, 0.01383978,
       0.07513432, 0.00176158, 0.0186525 , 0.02495421, 0.01273   ,
       0.00045984, 0.05051462, 0.00118194, 0.00083379, 0.00624297,
       0.02362183, 0.01153527, 0.00197661, 0.04138576, 0.00197661,
       0.00197661, 0.02354363, 0.00924189, 0.02126824, 0.00589637,
       0.00589637, 0.00847778, 0.00394398, 0.04373901, 0.01455555,
       0.00116792, 0.13502041, 0.04373901, 0.0186525 , 0.00255753]), np.float64(1.0)], [array([0.01249591, 0.00829517, 0.01291661, 0.00843079, 0.04983641,
       0.00185347, 0.00185347, 0.00158191, 0.00191479, 0.02769139,
       0.00085108, 0.00606295, 0.00050545, 0.00564775, 0.00829517,
       0.01235165, 0.01586339, 0.16891197, 0.00091571, 0.01291661,
       0.06997914, 0.00170906, 0.02145188, 0.02809323, 0.00936507,
       0.00044337, 0.04366526, 0.00099211, 0.00079016, 0.00591414,
       0.02914616, 0.01235165, 0.00191479, 0.03796747, 0.00191479,
       0.00191479, 0.02723672, 0.00934917, 0.03671673, 0.00564776,
       0.00564776, 0.00843354, 0.00357823, 0.04336629, 0.01236585,
       0.00113295, 0.15238661, 0.04336628, 0.02145188, 0.00251549]), np.float64(0.9999999999999999)], [array([0.01185624, 0.00754664, 0.01309388, 0.00766813, 0.04655709,
       0.00174503, 0.00174503, 0.00146888, 0.00182578, 0.02513476,
       0.00079311, 0.00649618, 0.00047584, 0.00530198, 0.00754664,
       0.01182187, 0.01395777, 0.1880671 , 0.0008496 , 0.01309388,
       0.067688  , 0.00158823, 0.01983033, 0.02664302, 0.00909453,
       0.00040941, 0.04918593, 0.00083423, 0.00074937, 0.00545435,
       0.02807364, 0.01182187, 0.00182578, 0.04136904, 0.00182578,
       0.00182578, 0.02564112, 0.00878259, 0.02899012, 0.00530198,
       0.00530198, 0.00818625, 0.00312254, 0.03961468, 0.01183119,
       0.00102986, 0.16512826, 0.03961468, 0.01983033, 0.00235972]), np.float64(1.0000000000000002)], [array([0.01111738, 0.00699092, 0.01185158, 0.00759604, 0.04831638,
       0.00165258, 0.00165258, 0.00137881, 0.00173687, 0.0260535 ,
       0.00073754, 0.0064167 , 0.00045037, 0.00514753, 0.00699092,
       0.01198009, 0.01179859, 0.18805648, 0.0008056 , 0.01185157,
       0.06611724, 0.00149514, 0.0194267 , 0.02659103, 0.00898876,
       0.00039845, 0.0526198 , 0.00070893, 0.00070385, 0.00520025,
       0.0236283 , 0.01198009, 0.00173687, 0.04610673, 0.00173687,
       0.00173687, 0.02565712, 0.00876086, 0.02814842, 0.00514753,
       0.00514753, 0.00796385, 0.00279968, 0.03867005, 0.0124063 ,
       0.00096785, 0.17224471, 0.03867005, 0.0194267 , 0.00223144]), np.float64(1.0000000000000002)], [array([0.01043458, 0.00660827, 0.01005881, 0.00711515, 0.0526306 ,
       0.00156568, 0.00156568, 0.0013172 , 0.00381031, 0.02768874,
       0.00071357, 0.00686232, 0.00043146, 0.00511826, 0.00660827,
       0.01103051, 0.01422883, 0.18574006, 0.00078953, 0.01005881,
       0.06427604, 0.00145092, 0.01861323, 0.02644877, 0.00868409,
       0.00036386, 0.05467904, 0.00107628, 0.00068084, 0.00495588,
       0.020674  , 0.01103051, 0.00381031, 0.04961841, 0.00381031,
       0.00381031, 0.02732503, 0.00893402, 0.01675595, 0.00511826,
       0.00511826, 0.00711616, 0.00244555, 0.03908977, 0.01348403,
       0.00093385, 0.17537217, 0.03908976, 0.01861323, 0.00224453]), np.float64(1.0000000000000002)]]
